Tid	Kanal &A
(ms)	(V)

0.00000000	-1.93374800
0.05000000	-1.88776400
0.10000000	-1.88776400
0.15000000	-1.88776400
0.19999999	-1.93374800
0.24999999	-1.93374800
0.29999999	-1.93374800
0.34999999	-1.88776400
0.39999999	-1.88776400
0.44999999	-1.88776400
0.49999999	-1.93374800
0.54999999	-1.88776400
0.59999998	-1.93374800
0.64999998	-1.93374800
0.69999998	-1.88776400
0.74999998	-1.88776400
0.79999998	-1.93374800
0.84999998	-1.93374800
0.89999998	-1.88776400
0.94999998	-1.93374800
0.99999997	-1.93374800
1.04999997	-1.93374800
1.09999997	-1.88776400
1.14999997	-1.88776400
1.19999997	-1.97988400
1.24999997	-1.84162800
1.29999997	-1.93374800
1.34999997	-1.93374800
1.39999996	-1.88776400
1.44999996	-1.88776400
1.49999996	-1.93374800
1.54999996	-1.93374800
1.59999996	-1.93374800
1.64999996	-1.88776400
1.69999996	-1.93374800
1.74999996	-1.88776400
1.79999995	-1.93374800
1.84999995	-1.93374800
1.89999995	-1.88776400
1.94999995	-1.93374800
1.99999995	-1.93374800
2.04999995	-1.88776400
2.09999995	-1.88776400
2.14999995	-1.88776400
2.19999994	-1.93374800
2.24999994	-1.97988400
2.29999994	-1.88776400
2.34999994	-1.88776400
2.39999994	-1.93374800
2.44999994	-1.88776400
2.49999994	-1.88776400
2.54999994	-1.93374800
2.59999993	-1.88776400
2.64999993	-1.93374800
2.69999993	-1.97988400
2.74999993	-1.88776400
2.79999993	-1.88776400
2.84999993	-1.88776400
2.89999993	-1.97988400
2.94999993	-1.88776400
2.99999992	-1.88776400
3.04999992	-1.93374800
3.09999992	-1.93374800
3.14999992	-1.93374800
3.19999992	-1.93374800
3.24999992	-1.88776400
3.29999992	-1.93374800
3.34999992	-1.88776400
3.39999991	-1.93374800
3.44999991	-1.93374800
3.49999991	-1.88776400
3.54999991	-1.93374800
3.59999991	-1.88776400
3.64999991	-1.93374800
3.69999991	-1.97988400
3.74999991	-1.88776400
3.79999990	-1.93374800
3.84999990	-1.93374800
3.89999990	-1.93374800
3.94999990	-1.88776400
3.99999990	-1.88776400
4.04999990	-1.88776400
4.09999990	-1.93374800
4.14999990	-1.93374800
4.19999989	-1.93374800
4.24999989	-1.88776400
4.29999989	-1.88776400
4.34999989	-1.93374800
4.39999989	-1.88776400
4.44999989	-1.93374800
4.49999989	-1.93374800
4.54999989	-1.93374800
4.59999988	-1.93374800
4.64999988	-1.93374800
4.69999988	-1.93374800
4.74999988	-1.93374800
4.79999988	-1.93374800
4.84999988	-1.88776400
4.89999988	-1.88776400
4.94999987	-1.88776400
4.99999987	-1.93374800
5.04999987	-1.93374800
5.09999987	-1.93374800
5.14999987	-1.93374800
5.19999987	-1.93374800
5.24999987	-1.93374800
5.29999987	-1.88776400
5.34999986	-1.93374800
5.39999986	-1.93374800
5.44999986	-1.88776400
5.49999986	-1.93374800
5.54999986	-1.93374800
5.59999986	-1.88776400
5.64999986	-1.88776400
5.69999986	-1.93374800
5.74999985	-1.93374800
5.79999985	-1.97988400
5.84999985	-1.84162800
5.89999985	-1.93374800
5.94999985	-1.93374800
5.99999985	-1.93374800
6.04999985	-1.93374800
6.09999985	-1.93374800
6.14999984	-1.93374800
6.19999984	-1.93374800
6.24999984	-1.88776400
6.29999984	-1.93374800
6.34999984	-1.93374800
6.39999984	-1.88776400
6.44999984	-1.93374800
6.49999984	-1.93374800
6.54999983	-1.88776400
6.59999983	-1.93374800
6.64999983	-1.93374800
6.69999983	-1.93374800
6.74999983	-1.93374800
6.79999983	-1.93374800
6.84999983	-1.93374800
6.89999983	-1.93374800
6.94999982	-1.88776400
6.99999982	-1.88776400
7.04999982	-1.88776400
7.09999982	-1.88776400
7.14999982	-1.88776400
7.19999982	-1.93374800
7.24999982	-1.93374800
7.29999982	-1.88776400
7.34999981	-1.93374800
7.39999981	-1.93374800
7.44999981	-1.93374800
7.49999981	-1.88776400
7.54999981	-1.93374800
7.59999981	-1.93374800
7.64999981	-1.93374800
7.69999981	-1.93374800
7.74999980	-1.88776400
7.79999980	-1.93374800
7.84999980	-1.93374800
7.89999980	-1.93374800
7.94999980	-1.93374800
7.99999980	-1.97988400
8.04999980	-1.93374800
8.09999980	-1.93374800
8.14999979	-1.93374800
8.19999979	-1.93374800
8.24999979	-1.88776400
8.29999979	-1.93374800
8.34999979	-1.93374800
8.39999979	-1.93374800
8.44999979	-1.88776400
8.49999979	-1.93374800
8.54999978	-1.93374800
8.59999978	-1.93374800
8.64999978	-1.93374800
8.69999978	-1.93374800
8.74999978	-1.88776400
8.79999978	-1.93374800
8.84999978	-1.93374800
8.89999978	-1.93374800
8.94999977	-1.88776400
8.99999977	-1.88776400
9.04999977	-1.93374800
9.09999977	-1.88776400
9.14999977	-1.88776400
9.19999977	-1.93374800
9.24999977	-1.93374800
9.29999977	-1.93374800
9.34999976	-1.88776400
9.39999976	-1.88776400
9.44999976	-1.93374800
9.49999976	-1.97988400
9.54999976	-1.93374800
9.59999976	-1.93374800
9.64999976	-1.93374800
9.69999975	-1.88776400
9.74999975	-1.93374800
9.79999975	-1.97988400
9.84999975	-1.88776400
9.89999975	-1.93374800
9.94999975	-1.93374800
9.99999975	-1.93374800
10.04999975	-1.93374800
10.09999974	-1.93374800
10.14999974	-1.93374800
10.19999974	-1.88776400
10.24999974	-1.93374800
10.29999974	-1.93374800
10.34999974	-1.93374800
10.39999974	-1.88776400
10.44999974	-1.93374800
10.49999973	-1.88776400
10.54999973	-1.93374800
10.59999973	-1.88776400
10.64999973	-1.88776400
10.69999973	-1.93374800
10.74999973	-1.88776400
10.79999973	-1.88776400
10.84999973	-1.88776400
10.89999972	-1.93374800
10.94999972	-1.97988400
10.99999972	-1.88776400
11.04999972	-1.88776400
11.09999972	-1.88776400
11.14999972	-1.88776400
11.19999972	-1.93374800
11.24999972	-1.93374800
11.29999971	-1.93374800
11.34999971	-1.93374800
11.39999971	-1.93374800
11.44999971	-1.93374800
11.49999971	-1.88776400
11.54999971	-1.93374800
11.59999971	-1.93374800
11.64999971	-1.93374800
11.69999970	-1.93374800
11.74999970	-1.93374800
11.79999970	-1.88776400
11.84999970	-1.93374800
11.89999970	-1.88776400
11.94999970	-1.93374800
11.99999970	-1.93374800
12.04999970	-1.88776400
12.09999969	-1.93374800
12.14999969	-1.93374800
12.19999969	-1.88776400
12.24999969	-1.93374800
12.29999969	-1.93374800
12.34999969	-1.88776400
12.39999969	-1.93374800
12.44999969	-1.93374800
12.49999968	-1.93374800
12.54999968	-1.88776400
12.59999968	-1.84162800
12.64999968	-1.84162800
12.69999968	-1.93374800
12.74999968	-1.93374800
12.79999968	-1.88776400
12.84999968	-1.97988400
12.89999967	-1.88776400
12.94999967	-1.93374800
12.99999967	-1.93374800
13.04999967	-1.93374800
13.09999967	-1.93374800
13.14999967	-1.93374800
13.19999967	-1.93374800
13.24999967	-1.84162800
13.29999966	-1.93374800
13.34999966	-1.88776400
13.39999966	-1.93374800
13.44999966	-1.93374800
13.49999966	-1.93374800
13.54999966	-1.93374800
13.59999966	-1.93374800
13.64999966	-1.93374800
13.69999965	-1.93374800
13.74999965	-1.93374800
13.79999965	-1.93374800
13.84999965	-1.93374800
13.89999965	-1.93374800
13.94999965	-1.93374800
13.99999965	-1.93374800
14.04999965	-1.93374800
14.09999964	-1.88776400
14.14999964	-1.93374800
14.19999964	-1.93374800
14.24999964	-1.88776400
14.29999964	-1.88776400
14.34999964	-1.93374800
14.39999964	-1.93374800
14.44999963	-1.88776400
14.49999963	-1.88776400
14.54999963	-1.93374800
14.59999963	-1.93374800
14.64999963	-1.93374800
14.69999963	-1.93374800
14.74999963	-1.93374800
14.79999963	-1.88776400
14.84999962	-1.97988400
14.89999962	-1.93374800
14.94999962	-1.88776400
14.99999962	-1.93374800
15.04999962	-1.88776400
15.09999962	-1.88776400
15.14999962	-1.88776400
15.19999962	-1.88776400
15.24999961	-1.93374800
15.29999961	-1.93374800
15.34999961	-1.93374800
15.39999961	-1.93374800
15.44999961	-1.93374800
15.49999961	-1.93374800
15.54999961	-1.93374800
15.59999961	-1.93374800
15.64999960	-1.88776400
15.69999960	-1.93374800
15.74999960	-1.93374800
15.79999960	-1.93374800
15.84999960	-1.88776400
15.89999960	-1.93374800
15.94999960	-1.93374800
15.99999960	-1.93374800
16.04999959	-1.88776400
16.09999959	-1.88776400
16.14999959	-1.93374800
16.19999959	-1.88776400
16.24999959	-1.93374800
16.29999959	-1.93374800
16.34999959	-1.88776400
16.39999959	-1.93374800
16.44999958	-1.93374800
16.49999958	-1.93374800
16.54999958	-1.93374800
16.59999958	-1.93374800
16.64999958	-1.88776400
16.69999958	-1.93374800
16.74999958	-1.88776400
16.79999958	-1.88776400
16.84999957	-1.93374800
16.89999957	-1.97988400
16.94999957	-1.93374800
16.99999957	-1.97988400
17.04999957	-1.88776400
17.09999957	-1.93374800
17.14999957	-1.93374800
17.19999957	-1.88776400
17.24999956	-1.93374800
17.29999956	-1.93374800
17.34999956	-1.93374800
17.39999956	-1.88776400
17.44999956	-1.88776400
17.49999956	-1.93374800
17.54999956	-1.88776400
17.59999956	-1.93374800
17.64999955	-1.93374800
17.69999955	-1.88776400
17.74999955	-1.97988400
17.79999955	-1.88776400
17.84999955	-1.93374800
17.89999955	-1.88776400
17.94999955	-1.93374800
17.99999955	-1.93374800
18.04999954	-1.88776400
18.09999954	-1.97988400
18.14999954	-1.88776400
18.19999954	-1.88776400
18.24999954	-1.88776400
18.29999954	-1.93374800
18.34999954	-1.88776400
18.39999954	-1.88776400
18.44999953	-1.88776400
18.49999953	-1.93374800
18.54999953	-1.88776400
18.59999953	-1.93374800
18.64999953	-1.97988400
18.69999953	-1.93374800
18.74999953	-1.88776400
18.79999953	-1.93374800
18.84999952	-1.88776400
18.89999952	-1.88776400
18.94999952	-1.88776400
18.99999952	-1.93374800
19.04999952	-1.97988400
19.09999952	-1.88776400
19.14999952	-1.93374800
19.19999951	-1.93374800
19.24999951	-1.88776400
19.29999951	-1.88776400
19.34999951	-1.93374800
19.39999951	-1.97988400
19.44999951	-1.93374800
19.49999951	-1.93374800
19.54999951	-1.88776400
19.59999950	-1.93374800
19.64999950	-1.88776400
19.69999950	-1.93374800
19.74999950	-1.93374800
19.79999950	-1.93374800
19.84999950	-1.93374800
19.89999950	-1.93374800
19.94999950	-1.93374800
19.99999949	-1.93374800
20.04999949	-1.88776400
20.09999949	-1.93374800
20.14999949	-1.93374800
20.19999949	-1.93374800
20.24999949	-1.93374800
20.29999949	-1.93374800
20.34999949	-1.93374800
20.39999948	-1.88776400
20.44999948	-1.88776400
20.49999948	-1.88776400
20.54999948	-1.84162800
20.59999948	-1.93374800
20.64999948	-1.93374800
20.69999948	-1.93374800
20.74999948	-1.88776400
20.79999947	-1.97988400
20.84999947	-1.93374800
20.89999947	-1.93374800
20.94999947	-1.93374800
20.99999947	-1.88776400
21.04999947	-1.93374800
21.09999947	-1.88776400
21.14999947	-1.88776400
21.19999946	-1.93374800
21.24999946	-1.88776400
21.29999946	-1.97988400
21.34999946	-1.88776400
21.39999946	-1.88776400
21.44999946	-1.88776400
21.49999946	-1.93374800
21.54999946	-1.88776400
21.59999945	-1.88776400
21.64999945	-1.93374800
21.69999945	-1.93374800
21.74999945	-1.88776400
21.79999945	-1.88776400
21.84999945	-1.93374800
21.89999945	-1.88776400
21.94999945	-1.88776400
21.99999944	-1.88776400
22.04999944	-1.88776400
22.09999944	-1.88776400
22.14999944	-1.97988400
22.19999944	-1.93374800
22.24999944	-1.88776400
22.29999944	-1.93374800
22.34999944	-1.93374800
22.39999943	-1.93374800
22.44999943	-1.88776400
22.49999943	-1.93374800
22.54999943	-1.88776400
22.59999943	-1.93374800
22.64999943	-1.93374800
22.69999943	-1.93374800
22.74999943	-1.93374800
22.79999942	-1.93374800
22.84999942	-1.93374800
22.89999942	-1.93374800
22.94999942	-1.93374800
22.99999942	-1.88776400
23.04999942	-1.93374800
23.09999942	-1.93374800
23.14999942	-1.88776400
23.19999941	-1.88776400
23.24999941	-1.88776400
23.29999941	-1.93374800
23.34999941	-1.88776400
23.39999941	-1.88776400
23.44999941	-1.93374800
23.49999941	-1.93374800
23.54999941	-1.88776400
23.59999940	-1.93374800
23.64999940	-1.93374800
23.69999940	-1.93374800
23.74999940	-1.88776400
23.79999940	-1.93374800
23.84999940	-1.93374800
23.89999940	-1.88776400
23.94999939	-1.93374800
23.99999939	-1.93374800
24.04999939	-1.93374800
24.09999939	-1.97988400
24.14999939	-1.97988400
24.19999939	-1.93374800
24.24999939	-1.88776400
24.29999939	-1.88776400
24.34999938	-1.93374800
24.39999938	-1.88776400
24.44999938	-1.88776400
24.49999938	-1.84162800
24.54999938	-1.93374800
24.59999938	-1.88776400
24.64999938	-1.88776400
24.69999938	-1.93374800
24.74999937	-1.93374800
24.79999937	-1.88776400
24.84999937	-1.93374800
24.89999937	-1.93374800
24.94999937	-1.93374800
24.99999937	-1.93374800
25.04999937	-1.93374800
25.09999937	-1.93374800
25.14999936	-1.93374800
25.19999936	-1.93374800
25.24999936	-1.93374800
25.29999936	-1.88776400
25.34999936	-1.88776400
25.39999936	-1.93374800
25.44999936	-1.93374800
25.49999936	-1.93374800
25.54999935	-1.93374800
25.59999935	-1.93374800
25.64999935	-1.88776400
25.69999935	-1.88776400
25.74999935	-1.88776400
25.79999935	-1.93374800
25.84999935	-1.88776400
25.89999935	-1.88776400
25.94999934	-1.93374800
25.99999934	-1.93374800
26.04999934	-1.88776400
26.09999934	-1.93374800
26.14999934	-1.93374800
26.19999934	-1.88776400
26.24999934	-1.88776400
26.29999934	-1.93374800
26.34999933	-1.93374800
26.39999933	-1.93374800
26.44999933	-1.93374800
26.49999933	-1.93374800
26.54999933	-1.93374800
26.59999933	-1.93374800
26.64999933	-1.93374800
26.69999933	-1.88776400
26.74999932	-1.93374800
26.79999932	-1.93374800
26.84999932	-1.93374800
26.89999932	-1.88776400
26.94999932	-1.93374800
26.99999932	-1.93374800
27.04999932	-1.88776400
27.09999932	-1.93374800
27.14999931	-1.88776400
27.19999931	-1.97988400
27.24999931	-1.88776400
27.29999931	-1.93374800
27.34999931	-1.88776400
27.39999931	-1.93374800
27.44999931	-1.88776400
27.49999931	-1.88776400
27.54999930	-1.93374800
27.59999930	-1.88776400
27.64999930	-1.93374800
27.69999930	-1.93374800
27.74999930	-1.93374800
27.79999930	-1.97988400
27.84999930	-1.88776400
27.89999930	-1.88776400
27.94999929	-1.97988400
27.99999929	-1.93374800
28.04999929	-1.93374800
28.09999929	-1.93374800
28.14999929	-1.93374800
28.19999929	-1.88776400
28.24999929	-1.88776400
28.29999929	-1.93374800
28.34999928	-1.93374800
28.39999928	-1.88776400
28.44999928	-1.93374800
28.49999928	-1.93374800
28.54999928	-1.88776400
28.59999928	-1.93374800
28.64999928	-1.93374800
28.69999927	-1.93374800
28.74999927	-1.88776400
28.79999927	-1.88776400
28.84999927	-1.88776400
28.89999927	-1.93374800
28.94999927	-1.93374800
28.99999927	-1.88776400
29.04999927	-1.93374800
29.09999926	-1.93374800
29.14999926	-1.93374800
29.19999926	-1.93374800
29.24999926	-1.93374800
29.29999926	-1.93374800
29.34999926	-1.93374800
29.39999926	-1.93374800
29.44999926	-1.93374800
29.49999925	-1.93374800
29.54999925	-1.93374800
29.59999925	-1.97988400
29.64999925	-1.93374800
29.69999925	-1.93374800
29.74999925	-1.93374800
29.79999925	-1.93374800
29.84999925	-1.88776400
29.89999924	-1.88776400
29.94999924	-1.88776400
29.99999924	-1.93374800
30.04999924	-1.93374800
30.09999924	-1.93374800
30.14999924	-1.88776400
30.19999924	-1.88776400
30.24999924	-1.93374800
30.29999923	-1.93374800
30.34999923	-1.93374800
30.39999923	-1.93374800
30.44999923	-1.93374800
30.49999923	-1.88776400
30.54999923	-1.88776400
30.59999923	-1.88776400
30.64999923	-1.93374800
30.69999922	-1.93374800
30.74999922	-1.88776400
30.79999922	-1.93374800
30.84999922	-1.93374800
30.89999922	-1.88776400
30.94999922	-1.93374800
30.99999922	-1.93374800
31.04999922	-1.88776400
31.09999921	-1.93374800
31.14999921	-1.93374800
31.19999921	-1.93374800
31.24999921	-1.93374800
31.29999921	-1.93374800
31.34999921	-1.93374800
31.39999921	-1.93374800
31.44999921	-1.93374800
31.49999920	-1.93374800
31.54999920	-1.93374800
31.59999920	-1.93374800
31.64999920	-1.88776400
31.69999920	-1.93374800
31.74999920	-1.93374800
31.79999920	-1.88776400
31.84999920	-1.88776400
31.89999919	-1.88776400
31.94999919	-1.93374800
31.99999919	-1.93374800
32.04999919	-1.88776400
32.09999919	-1.93374800
32.14999919	-1.93374800
32.19999919	-1.93374800
32.24999919	-1.93374800
32.29999918	-1.88776400
32.34999918	-1.93374800
32.39999918	-1.88776400
32.44999918	-1.93374800
32.49999918	-1.88776400
32.54999918	-1.93374800
32.59999918	-1.88776400
32.64999918	-1.93374800
32.69999917	-1.93374800
32.74999917	-1.93374800
32.79999917	-1.88776400
32.84999917	-1.88776400
32.89999917	-1.88776400
32.94999917	-1.88776400
32.99999917	-1.93374800
33.04999917	-1.88776400
33.09999916	-1.93374800
33.14999916	-1.93374800
33.19999916	-1.93374800
33.24999916	-1.88776400
33.29999916	-1.88776400
33.34999916	-1.88776400
33.39999916	-1.93374800
33.44999915	-1.93374800
33.49999915	-1.93374800
33.54999915	-1.93374800
33.59999915	-1.93374800
33.64999915	-1.93374800
33.69999915	-1.93374800
33.74999915	-1.93374800
33.79999915	-1.93374800
33.84999914	-1.93374800
33.89999914	-1.93374800
33.94999914	-1.88776400
33.99999914	-1.93374800
34.04999914	-1.88776400
34.09999914	-1.93374800
34.14999914	-1.88776400
34.19999914	-1.88776400
34.24999913	-1.93374800
34.29999913	-1.93374800
34.34999913	-1.93374800
34.39999913	-1.93374800
34.44999913	-1.88776400
34.49999913	-1.93374800
34.54999913	-1.93374800
34.59999913	-1.97988400
34.64999912	-1.93374800
34.69999912	-1.93374800
34.74999912	-1.93374800
34.79999912	-1.88776400
34.84999912	-1.88776400
34.89999912	-1.93374800
34.94999912	-1.88776400
34.99999912	-1.93374800
35.04999911	-1.93374800
35.09999911	-1.93374800
35.14999911	-1.88776400
35.19999911	-1.88776400
35.24999911	-1.93374800
35.29999911	-1.88776400
35.34999911	-1.93374800
35.39999911	-1.93374800
35.44999910	-1.93374800
35.49999910	-1.93374800
35.54999910	-1.93374800
35.59999910	-1.88776400
35.64999910	-1.88776400
35.69999910	-1.88776400
35.74999910	-1.93374800
35.79999910	-1.93374800
35.84999909	-1.93374800
35.89999909	-1.93374800
35.94999909	-1.93374800
35.99999909	-1.93374800
36.04999909	-1.93374800
36.09999909	-1.93374800
36.14999909	-1.93374800
36.19999909	-1.88776400
36.24999908	-1.93374800
36.29999908	-1.93374800
36.34999908	-1.93374800
36.39999908	-1.97988400
36.44999908	-1.88776400
36.49999908	-1.93374800
36.54999908	-1.93374800
36.59999908	-1.97988400
36.64999907	-1.88776400
36.69999907	-1.93374800
36.74999907	-1.88776400
36.79999907	-1.93374800
36.84999907	-1.93374800
36.89999907	-1.93374800
36.94999907	-1.93374800
36.99999907	-1.97988400
37.04999906	-1.93374800
37.09999906	-1.97988400
37.14999906	-1.88776400
37.19999906	-1.93374800
37.24999906	-1.93374800
37.29999906	-1.93374800
37.34999906	-1.88776400
37.39999906	-1.93374800
37.44999905	-1.93374800
37.49999905	-1.88776400
37.54999905	-1.93374800
37.59999905	-1.93374800
37.64999905	-1.93374800
37.69999905	-1.93374800
37.74999905	-1.93374800
37.79999905	-1.93374800
37.84999904	-1.88776400
37.89999904	-1.88776400
37.94999904	-1.93374800
37.99999904	-1.88776400
38.04999904	-1.88776400
38.09999904	-1.93374800
38.14999904	-1.97988400
38.19999903	-1.93374800
38.24999903	-1.93374800
38.29999903	-1.93374800
38.34999903	-1.93374800
38.39999903	-1.88776400
38.44999903	-1.88776400
38.49999903	-1.93374800
38.54999903	-1.88776400
38.59999902	-1.93374800
38.64999902	-1.88776400
38.69999902	-1.88776400
38.74999902	-1.93374800
38.79999902	-1.93374800
38.84999902	-1.88776400
38.89999902	-1.88776400
38.94999902	-1.93374800
38.99999901	-1.88776400
39.04999901	-1.88776400
39.09999901	-1.93374800
39.14999901	-1.93374800
39.19999901	-1.84162800
39.24999901	-1.88776400
39.29999901	-1.93374800
39.34999901	-1.88776400
39.39999900	-1.93374800
39.44999900	-1.88776400
39.49999900	-1.93374800
39.54999900	-1.93374800
39.59999900	-1.93374800
39.64999900	-1.88776400
39.69999900	-1.93374800
39.74999900	-1.93374800
39.79999899	-1.97988400
39.84999899	-1.93374800
39.89999899	-1.93374800
39.94999899	-1.93374800
39.99999899	-1.93374800
40.04999899	-1.88776400
40.09999899	-1.93374800
40.14999899	-1.93374800
40.19999898	-1.93374800
40.24999898	-1.93374800
40.29999898	-1.88776400
40.34999898	-1.93374800
40.39999898	-1.88776400
40.44999898	-1.97988400
40.49999898	-1.93374800
40.54999898	-1.93374800
40.59999897	-1.88776400
40.64999897	-1.88776400
40.69999897	-1.88776400
40.74999897	-1.93374800
40.79999897	-1.88776400
40.84999897	-1.93374800
40.89999897	-1.93374800
40.94999897	-1.88776400
40.99999896	-1.93374800
41.04999896	-1.88776400
41.09999896	-1.93374800
41.14999896	-1.93374800
41.19999896	-1.88776400
41.24999896	-1.88776400
41.29999896	-1.93374800
41.34999896	-1.93374800
41.39999895	-1.88776400
41.44999895	-1.93374800
41.49999895	-1.88776400
41.54999895	-1.93374800
41.59999895	-1.93374800
41.64999895	-1.93374800
41.69999895	-1.88776400
41.74999895	-1.88776400
41.79999894	-1.88776400
41.84999894	-1.93374800
41.89999894	-1.88776400
41.94999894	-1.88776400
41.99999894	-1.93374800
42.04999894	-1.93374800
42.09999894	-1.88776400
42.14999894	-1.93374800
42.19999893	-1.88776400
42.24999893	-1.93374800
42.29999893	-1.88776400
42.34999893	-1.93374800
42.39999893	-1.93374800
42.44999893	-1.88776400
42.49999893	-1.93374800
42.54999893	-1.88776400
42.59999892	-1.93374800
42.64999892	-1.93374800
42.69999892	-1.93374800
42.74999892	-1.93374800
42.79999892	-1.88776400
42.84999892	-1.88776400
42.89999892	-1.97988400
42.94999891	-1.93374800
42.99999891	-1.93374800
43.04999891	-1.93374800
43.09999891	-1.88776400
43.14999891	-1.88776400
43.19999891	-1.93374800
43.24999891	-1.88776400
43.29999891	-1.93374800
43.34999890	-1.88776400
43.39999890	-1.93374800
43.44999890	-1.88776400
43.49999890	-1.93374800
43.54999890	-1.88776400
43.59999890	-1.93374800
43.64999890	-1.93374800
43.69999890	-1.93374800
43.74999889	-1.93374800
43.79999889	-1.88776400
43.84999889	-1.93374800
43.89999889	-1.88776400
43.94999889	-1.93374800
43.99999889	-1.88776400
44.04999889	-1.93374800
44.09999889	-1.93374800
44.14999888	-1.93374800
44.19999888	-1.88776400
44.24999888	-1.93374800
44.29999888	-1.93374800
44.34999888	-1.93374800
44.39999888	-1.93374800
44.44999888	-1.93374800
44.49999888	-1.93374800
44.54999887	-1.88776400
44.59999887	-1.88776400
44.64999887	-1.88776400
44.69999887	-1.88776400
44.74999887	-1.88776400
44.79999887	-1.93374800
44.84999887	-1.93374800
44.89999887	-1.88776400
44.94999886	-1.88776400
44.99999886	-1.88776400
45.04999886	-1.93374800
45.09999886	-1.88776400
45.14999886	-1.93374800
45.19999886	-1.88776400
45.24999886	-1.88776400
45.29999886	-1.88776400
45.34999885	-1.93374800
45.39999885	-1.93374800
45.44999885	-1.93374800
45.49999885	-1.88776400
45.54999885	-1.88776400
45.59999885	-1.93374800
45.64999885	-1.97988400
45.69999885	-1.88776400
45.74999884	-1.88776400
45.79999884	-1.88776400
45.84999884	-1.93374800
45.89999884	-1.93374800
45.94999884	-1.93374800
45.99999884	-1.93374800
46.04999884	-1.88776400
46.09999884	-1.88776400
46.14999883	-1.93374800
46.19999883	-1.88776400
46.24999883	-1.93374800
46.29999883	-1.88776400
46.34999883	-1.93374800
46.39999883	-1.93374800
46.44999883	-1.93374800
46.49999883	-1.88776400
46.54999882	-1.88776400
46.59999882	-1.88776400
46.64999882	-1.93374800
46.69999882	-1.93374800
46.74999882	-1.88776400
46.79999882	-1.93374800
46.84999882	-1.88776400
46.89999882	-1.88776400
46.94999881	-1.84162800
46.99999881	-1.93374800
47.04999881	-1.93374800
47.09999881	-1.88776400
47.14999881	-1.88776400
47.19999881	-1.88776400
47.24999881	-1.93374800
47.29999881	-1.88776400
47.34999880	-1.88776400
47.39999880	-1.93374800
47.44999880	-1.93374800
47.49999880	-1.88776400
47.54999880	-1.88776400
47.59999880	-1.93374800
47.64999880	-1.93374800
47.69999879	-1.93374800
47.74999879	-1.93374800
47.79999879	-1.93374800
47.84999879	-1.88776400
47.89999879	-1.88776400
47.94999879	-1.93374800
47.99999879	-1.93374800
48.04999879	-1.93374800
48.09999878	-1.93374800
48.14999878	-1.93374800
48.19999878	-1.93374800
48.24999878	-1.93374800
48.29999878	-1.93374800
48.34999878	-1.93374800
48.39999878	-1.88776400
48.44999878	-1.93374800
48.49999877	-1.88776400
48.54999877	-1.93374800
48.59999877	-1.93374800
48.64999877	-1.93374800
48.69999877	-1.93374800
48.74999877	-1.93374800
48.79999877	-1.93374800
48.84999877	-1.88776400
48.89999876	-1.93374800
48.94999876	-1.93374800
48.99999876	-1.88776400
49.04999876	-1.93374800
49.09999876	-1.88776400
49.14999876	-1.93374800
49.19999876	-1.93374800
49.24999876	-1.93374800
49.29999875	-1.93374800
49.34999875	-1.93374800
49.39999875	-1.88776400
49.44999875	-1.93374800
49.49999875	-1.93374800
49.54999875	-1.93374800
49.59999875	-1.88776400
49.64999875	-1.93374800
49.69999874	-1.93374800
49.74999874	-1.93374800
49.79999874	-1.88776400
49.84999874	-1.88776400
49.89999874	-1.88776400
49.94999874	-1.93374800
49.99999874	-1.93374800
50.04999874	-1.93374800
50.09999873	-1.88776400
50.14999873	-1.93374800
