Tid	Kanal &A
(ms)	(V)

0.00000000	1.56542200
0.05000000	1.56542200
0.10000000	1.56542200
0.15000000	1.56542200
0.19999999	1.56542200
0.24999999	1.51943900
0.29999999	1.61140500
0.34999999	1.61140500
0.39999999	1.56542200
0.44999999	1.56542200
0.49999999	1.61140500
0.54999999	1.56542200
0.59999998	1.56542200
0.64999998	1.56542200
0.69999998	1.56542200
0.74999998	1.65754200
0.79999998	1.61140500
0.84999998	1.56542200
0.89999998	1.56542200
0.94999998	1.51943900
0.99999997	1.56542200
1.04999997	1.61140500
1.09999997	1.61140500
1.14999997	1.56542200
1.19999997	1.56542200
1.24999997	1.56542200
1.29999997	1.61140500
1.34999997	1.56542200
1.39999996	1.56542200
1.44999996	1.56542200
1.49999996	1.56542200
1.54999996	1.61140500
1.59999996	1.61140500
1.64999996	1.51943900
1.69999996	1.61140500
1.74999996	1.56542200
1.79999995	1.56542200
1.84999995	1.56542200
1.89999995	1.61140500
1.94999995	1.56542200
1.99999995	1.56542200
2.04999995	1.61140500
2.09999995	1.56542200
2.14999995	1.56542200
2.19999994	1.56542200
2.24999994	1.56542200
2.29999994	1.56542200
2.34999994	1.51943900
2.39999994	1.56542200
2.44999994	1.56542200
2.49999994	1.51943900
2.54999994	1.56542200
2.59999993	1.61140500
2.64999993	1.61140500
2.69999993	1.56542200
2.74999993	1.56542200
2.79999993	1.56542200
2.84999993	1.61140500
2.89999993	1.61140500
2.94999993	1.56542200
2.99999992	1.56542200
3.04999992	1.56542200
3.09999992	1.56542200
3.14999992	1.61140500
3.19999992	1.56542200
3.24999992	1.56542200
3.29999992	1.56542200
3.34999992	1.61140500
3.39999991	1.61140500
3.44999991	1.56542200
3.49999991	1.61140500
3.54999991	1.51943900
3.59999991	1.56542200
3.64999991	1.61140500
3.69999991	1.56542200
3.74999991	1.56542200
3.79999990	1.61140500
3.84999990	1.56542200
3.89999990	1.56542200
3.94999990	1.56542200
3.99999990	1.51943900
4.04999990	1.56542200
4.09999990	1.61140500
4.14999990	1.51943900
4.19999989	1.56542200
4.24999989	1.56542200
4.29999989	1.56542200
4.34999989	1.56542200
4.39999989	1.61140500
4.44999989	1.61140500
4.49999989	1.56542200
4.54999989	1.56542200
4.59999988	1.56542200
4.64999988	1.56542200
4.69999988	1.56542200
4.74999988	1.56542200
4.79999988	1.56542200
4.84999988	1.61140500
4.89999988	1.51943900
4.94999987	1.61140500
4.99999987	1.56542200
5.04999987	1.61140500
5.09999987	1.61140500
5.14999987	1.56542200
5.19999987	1.56542200
5.24999987	1.56542200
5.29999987	1.61140500
5.34999986	1.61140500
5.39999986	1.56542200
5.44999986	1.56542200
5.49999986	1.61140500
5.54999986	1.56542200
5.59999986	1.56542200
5.64999986	1.61140500
5.69999986	1.56542200
5.74999985	1.56542200
5.79999985	1.56542200
5.84999985	1.61140500
5.89999985	1.56542200
5.94999985	1.56542200
5.99999985	1.61140500
6.04999985	1.61140500
6.09999985	1.61140500
6.14999984	1.56542200
6.19999984	1.56542200
6.24999984	1.61140500
6.29999984	1.61140500
6.34999984	1.61140500
6.39999984	1.56542200
6.44999984	1.56542200
6.49999984	1.56542200
6.54999983	1.56542200
6.59999983	1.56542200
6.64999983	1.56542200
6.69999983	1.61140500
6.74999983	1.56542200
6.79999983	1.56542200
6.84999983	1.56542200
6.89999983	1.61140500
6.94999982	1.51943900
6.99999982	1.51943900
7.04999982	1.56542200
7.09999982	1.56542200
7.14999982	1.51943900
7.19999982	1.56542200
7.24999982	1.56542200
7.29999982	1.56542200
7.34999981	1.56542200
7.39999981	1.61140500
7.44999981	1.61140500
7.49999981	1.56542200
7.54999981	1.51943900
7.59999981	1.61140500
7.64999981	1.61140500
7.69999981	1.61140500
7.74999980	1.56542200
7.79999980	1.61140500
7.84999980	1.51943900
7.89999980	1.61140500
7.94999980	1.56542200
7.99999980	1.61140500
8.04999980	1.56542200
8.09999980	1.56542200
8.14999979	1.61140500
8.19999979	1.56542200
8.24999979	1.56542200
8.29999979	1.56542200
8.34999979	1.56542200
8.39999979	1.56542200
8.44999979	1.56542200
8.49999979	1.56542200
8.54999978	1.56542200
8.59999978	1.56542200
8.64999978	1.61140500
8.69999978	1.56542200
8.74999978	1.56542200
8.79999978	1.56542200
8.84999978	1.56542200
8.89999978	1.56542200
8.94999977	1.61140500
8.99999977	1.56542200
9.04999977	1.56542200
9.09999977	1.56542200
9.14999977	1.61140500
9.19999977	1.56542200
9.24999977	1.56542200
9.29999977	1.56542200
9.34999976	1.61140500
9.39999976	1.56542200
9.44999976	1.56542200
9.49999976	1.56542200
9.54999976	1.56542200
9.59999976	1.56542200
9.64999976	1.56542200
9.69999975	1.61140500
9.74999975	1.56542200
9.79999975	1.56542200
9.84999975	1.56542200
9.89999975	1.56542200
9.94999975	1.56542200
9.99999975	1.56542200
10.04999975	1.56542200
10.09999974	1.61140500
10.14999974	1.56542200
10.19999974	1.61140500
10.24999974	1.56542200
10.29999974	1.56542200
10.34999974	1.56542200
10.39999974	1.56542200
10.44999974	1.56542200
10.49999973	1.56542200
10.54999973	1.56542200
10.59999973	1.56542200
10.64999973	1.56542200
10.69999973	1.56542200
10.74999973	1.51943900
10.79999973	1.56542200
10.84999973	1.56542200
10.89999972	1.61140500
10.94999972	1.56542200
10.99999972	1.56542200
11.04999972	1.61140500
11.09999972	1.61140500
11.14999972	1.61140500
11.19999972	1.56542200
11.24999972	1.61140500
11.29999971	1.56542200
11.34999971	1.56542200
11.39999971	1.56542200
11.44999971	1.56542200
11.49999971	1.56542200
11.54999971	1.56542200
11.59999971	1.51943900
11.64999971	1.61140500
11.69999970	1.56542200
11.74999970	1.56542200
11.79999970	1.61140500
11.84999970	1.61140500
11.89999970	1.56542200
11.94999970	1.61140500
11.99999970	1.56542200
12.04999970	1.56542200
12.09999969	1.56542200
12.14999969	1.61140500
12.19999969	1.56542200
12.24999969	1.51943900
12.29999969	1.61140500
12.34999969	1.56542200
12.39999969	1.61140500
12.44999969	1.56542200
12.49999968	1.56542200
12.54999968	1.61140500
12.59999968	1.56542200
12.64999968	1.51943900
12.69999968	1.56542200
12.74999968	1.56542200
12.79999968	1.56542200
12.84999968	1.56542200
12.89999967	1.61140500
12.94999967	1.56542200
12.99999967	1.51943900
13.04999967	1.51943900
13.09999967	1.56542200
13.14999967	1.61140500
13.19999967	1.56542200
13.24999967	1.56542200
13.29999966	1.56542200
13.34999966	1.56542200
13.39999966	1.56542200
13.44999966	1.61140500
13.49999966	1.56542200
13.54999966	1.56542200
13.59999966	1.56542200
13.64999966	1.56542200
13.69999965	1.61140500
13.74999965	1.56542200
13.79999965	1.61140500
13.84999965	1.56542200
13.89999965	1.61140500
13.94999965	1.56542200
13.99999965	1.51943900
14.04999965	1.51943900
14.09999964	1.56542200
14.14999964	1.56542200
14.19999964	1.56542200
14.24999964	1.56542200
14.29999964	1.61140500
14.34999964	1.56542200
14.39999964	1.56542200
14.44999963	1.61140500
14.49999963	1.61140500
14.54999963	1.56542200
14.59999963	1.56542200
14.64999963	1.56542200
14.69999963	1.56542200
14.74999963	1.61140500
14.79999963	1.61140500
14.84999962	1.56542200
14.89999962	1.56542200
14.94999962	1.61140500
14.99999962	1.61140500
15.04999962	1.56542200
15.09999962	1.51943900
15.14999962	1.56542200
15.19999962	1.51943900
15.24999961	1.61140500
15.29999961	1.56542200
15.34999961	1.56542200
15.39999961	1.61140500
15.44999961	1.56542200
15.49999961	1.56542200
15.54999961	1.56542200
15.59999961	1.61140500
15.64999960	1.56542200
15.69999960	1.61140500
15.74999960	1.61140500
15.79999960	1.56542200
15.84999960	1.56542200
15.89999960	1.51943900
15.94999960	1.56542200
15.99999960	1.56542200
16.04999959	1.56542200
16.09999959	1.56542200
16.14999959	1.56542200
16.19999959	1.51943900
16.24999959	1.56542200
16.29999959	1.51943900
16.34999959	1.56542200
16.39999959	1.61140500
16.44999958	1.61140500
16.49999958	1.56542200
16.54999958	1.56542200
16.59999958	1.56542200
16.64999958	1.61140500
16.69999958	1.56542200
16.74999958	1.61140500
16.79999958	1.61140500
16.84999957	1.56542200
16.89999957	1.56542200
16.94999957	1.51943900
16.99999957	1.56542200
17.04999957	1.51943900
17.09999957	1.56542200
17.14999957	1.56542200
17.19999957	1.61140500
17.24999956	1.56542200
17.29999956	1.61140500
17.34999956	1.51943900
17.39999956	1.61140500
17.44999956	1.56542200
17.49999956	1.56542200
17.54999956	1.61140500
17.59999956	1.56542200
17.64999955	1.56542200
17.69999955	1.51943900
17.74999955	1.56542200
17.79999955	1.56542200
17.84999955	1.56542200
17.89999955	1.56542200
17.94999955	1.61140500
17.99999955	1.56542200
18.04999954	1.56542200
18.09999954	1.56542200
18.14999954	1.56542200
18.19999954	1.61140500
18.24999954	1.56542200
18.29999954	1.56542200
18.34999954	1.61140500
18.39999954	1.61140500
18.44999953	1.56542200
18.49999953	1.56542200
18.54999953	1.56542200
18.59999953	1.61140500
18.64999953	1.56542200
18.69999953	1.61140500
18.74999953	1.56542200
18.79999953	1.56542200
18.84999952	1.56542200
18.89999952	1.61140500
18.94999952	1.56542200
18.99999952	1.56542200
19.04999952	1.51943900
19.09999952	1.56542200
19.14999952	1.56542200
19.19999951	1.56542200
19.24999951	1.61140500
19.29999951	1.56542200
19.34999951	1.56542200
19.39999951	1.61140500
19.44999951	1.51943900
19.49999951	1.61140500
19.54999951	1.56542200
19.59999950	1.56542200
19.64999950	1.61140500
19.69999950	1.61140500
19.74999950	1.56542200
19.79999950	1.51943900
19.84999950	1.56542200
19.89999950	1.56542200
19.94999950	1.56542200
19.99999949	1.51943900
20.04999949	1.61140500
20.09999949	1.56542200
20.14999949	1.56542200
20.19999949	1.56542200
20.24999949	1.56542200
20.29999949	1.56542200
20.34999949	1.56542200
20.39999948	1.56542200
20.44999948	1.56542200
20.49999948	1.56542200
20.54999948	1.56542200
20.59999948	1.61140500
20.64999948	1.56542200
20.69999948	1.56542200
20.74999948	1.61140500
20.79999947	1.56542200
20.84999947	1.56542200
20.89999947	1.56542200
20.94999947	1.56542200
20.99999947	1.56542200
21.04999947	1.61140500
21.09999947	1.56542200
21.14999947	1.51943900
21.19999946	1.61140500
21.24999946	1.56542200
21.29999946	1.56542200
21.34999946	1.56542200
21.39999946	1.56542200
21.44999946	1.56542200
21.49999946	1.61140500
21.54999946	1.56542200
21.59999945	1.56542200
21.64999945	1.56542200
21.69999945	1.61140500
21.74999945	1.56542200
21.79999945	1.56542200
21.84999945	1.61140500
21.89999945	1.56542200
21.94999945	1.51943900
21.99999944	1.51943900
22.04999944	1.61140500
22.09999944	1.56542200
22.14999944	1.56542200
22.19999944	1.56542200
22.24999944	1.56542200
22.29999944	1.51943900
22.34999944	1.56542200
22.39999943	1.51943900
22.44999943	1.61140500
22.49999943	1.51943900
22.54999943	1.56542200
22.59999943	1.61140500
22.64999943	1.56542200
22.69999943	1.56542200
22.74999943	1.56542200
22.79999942	1.51943900
22.84999942	1.56542200
22.89999942	1.61140500
22.94999942	1.56542200
22.99999942	1.56542200
23.04999942	1.56542200
23.09999942	1.56542200
23.14999942	1.56542200
23.19999941	1.56542200
23.24999941	1.56542200
23.29999941	1.56542200
23.34999941	1.51943900
23.39999941	1.51943900
23.44999941	1.56542200
23.49999941	1.56542200
23.54999941	1.61140500
23.59999940	1.61140500
23.64999940	1.56542200
23.69999940	1.56542200
23.74999940	1.56542200
23.79999940	1.61140500
23.84999940	1.51943900
23.89999940	1.56542200
23.94999939	1.61140500
23.99999939	1.56542200
24.04999939	1.56542200
24.09999939	1.61140500
24.14999939	1.61140500
24.19999939	1.56542200
24.24999939	1.56542200
24.29999939	1.56542200
24.34999938	1.56542200
24.39999938	1.61140500
24.44999938	1.56542200
24.49999938	1.61140500
24.54999938	1.61140500
24.59999938	1.56542200
24.64999938	1.56542200
24.69999938	1.56542200
24.74999937	1.56542200
24.79999937	1.61140500
24.84999937	1.56542200
24.89999937	1.61140500
24.94999937	1.56542200
24.99999937	1.56542200
25.04999937	1.56542200
25.09999937	1.56542200
25.14999936	1.56542200
25.19999936	1.61140500
25.24999936	1.51943900
25.29999936	1.56542200
25.34999936	1.56542200
25.39999936	1.56542200
25.44999936	1.56542200
25.49999936	1.56542200
25.54999935	1.61140500
25.59999935	1.61140500
25.64999935	1.61140500
25.69999935	1.56542200
25.74999935	1.61140500
25.79999935	1.56542200
25.84999935	1.56542200
25.89999935	1.51943900
25.94999934	1.56542200
25.99999934	1.61140500
26.04999934	1.56542200
26.09999934	1.56542200
26.14999934	1.56542200
26.19999934	1.61140500
26.24999934	1.56542200
26.29999934	1.51943900
26.34999933	1.51943900
26.39999933	1.61140500
26.44999933	1.51943900
26.49999933	1.56542200
26.54999933	1.56542200
26.59999933	1.56542200
26.64999933	1.56542200
26.69999933	1.56542200
26.74999932	1.56542200
26.79999932	1.56542200
26.84999932	1.56542200
26.89999932	1.56542200
26.94999932	1.61140500
26.99999932	1.56542200
27.04999932	1.56542200
27.09999932	1.56542200
27.14999931	1.61140500
27.19999931	1.56542200
27.24999931	1.51943900
27.29999931	1.56542200
27.34999931	1.56542200
27.39999931	1.61140500
27.44999931	1.51943900
27.49999931	1.56542200
27.54999930	1.56542200
27.59999930	1.56542200
27.64999930	1.56542200
27.69999930	1.56542200
27.74999930	1.56542200
27.79999930	1.61140500
27.84999930	1.56542200
27.89999930	1.56542200
27.94999929	1.56542200
27.99999929	1.56542200
28.04999929	1.56542200
28.09999929	1.56542200
28.14999929	1.56542200
28.19999929	1.61140500
28.24999929	1.56542200
28.29999929	1.56542200
28.34999928	1.56542200
28.39999928	1.56542200
28.44999928	1.56542200
28.49999928	1.61140500
28.54999928	1.61140500
28.59999928	1.56542200
28.64999928	1.56542200
28.69999927	1.56542200
28.74999927	1.56542200
28.79999927	1.51943900
28.84999927	1.61140500
28.89999927	1.56542200
28.94999927	1.56542200
28.99999927	1.61140500
29.04999927	1.56542200
29.09999926	1.56542200
29.14999926	1.56542200
29.19999926	1.51943900
29.24999926	1.56542200
29.29999926	1.56542200
29.34999926	1.56542200
29.39999926	1.56542200
29.44999926	1.56542200
29.49999925	1.56542200
29.54999925	1.56542200
29.59999925	1.61140500
29.64999925	1.61140500
29.69999925	1.61140500
29.74999925	1.56542200
29.79999925	1.56542200
29.84999925	1.56542200
29.89999924	1.61140500
29.94999924	1.56542200
29.99999924	1.51943900
30.04999924	1.56542200
30.09999924	1.51943900
30.14999924	1.56542200
30.19999924	1.56542200
30.24999924	1.56542200
30.29999923	1.56542200
30.34999923	1.56542200
30.39999923	1.61140500
30.44999923	1.56542200
30.49999923	1.56542200
30.54999923	1.56542200
30.59999923	1.56542200
30.64999923	1.56542200
30.69999922	1.61140500
30.74999922	1.56542200
30.79999922	1.51943900
30.84999922	1.56542200
30.89999922	1.56542200
30.94999922	1.56542200
30.99999922	1.56542200
31.04999922	1.56542200
31.09999921	1.56542200
31.14999921	1.56542200
31.19999921	1.56542200
31.24999921	1.56542200
31.29999921	1.56542200
31.34999921	1.56542200
31.39999921	1.56542200
31.44999921	1.56542200
31.49999920	1.56542200
31.54999920	1.56542200
31.59999920	1.56542200
31.64999920	1.56542200
31.69999920	1.56542200
31.74999920	1.61140500
31.79999920	1.61140500
31.84999920	1.56542200
31.89999919	1.56542200
31.94999919	1.61140500
31.99999919	1.56542200
32.04999919	1.56542200
32.09999919	1.51943900
32.14999919	1.56542200
32.19999919	1.56542200
32.24999919	1.56542200
32.29999918	1.56542200
32.34999918	1.61140500
32.39999918	1.61140500
32.44999918	1.61140500
32.49999918	1.56542200
32.54999918	1.56542200
32.59999918	1.56542200
32.64999918	1.56542200
32.69999917	1.56542200
32.74999917	1.61140500
32.79999917	1.56542200
32.84999917	1.56542200
32.89999917	1.56542200
32.94999917	1.56542200
32.99999917	1.56542200
33.04999917	1.56542200
33.09999916	1.56542200
33.14999916	1.61140500
33.19999916	1.56542200
33.24999916	1.56542200
33.29999916	1.61140500
33.34999916	1.56542200
33.39999916	1.51943900
33.44999915	1.56542200
33.49999915	1.61140500
33.54999915	1.56542200
33.59999915	1.61140500
33.64999915	1.56542200
33.69999915	1.61140500
33.74999915	1.51943900
33.79999915	1.51943900
33.84999914	1.61140500
33.89999914	1.56542200
33.94999914	1.51943900
33.99999914	1.61140500
34.04999914	1.56542200
34.09999914	1.56542200
34.14999914	1.56542200
34.19999914	1.56542200
34.24999913	1.56542200
34.29999913	1.56542200
34.34999913	1.56542200
34.39999913	1.61140500
34.44999913	1.61140500
34.49999913	1.61140500
34.54999913	1.61140500
34.59999913	1.56542200
34.64999912	1.56542200
34.69999912	1.56542200
34.74999912	1.56542200
34.79999912	1.51943900
34.84999912	1.56542200
34.89999912	1.61140500
34.94999912	1.56542200
34.99999912	1.56542200
35.04999911	1.56542200
35.09999911	1.56542200
35.14999911	1.56542200
35.19999911	1.56542200
35.24999911	1.56542200
35.29999911	1.51943900
35.34999911	1.56542200
35.39999911	1.61140500
35.44999910	1.56542200
35.49999910	1.56542200
35.54999910	1.51943900
35.59999910	1.61140500
35.64999910	1.56542200
35.69999910	1.61140500
35.74999910	1.56542200
35.79999910	1.51943900
35.84999909	1.56542200
35.89999909	1.51943900
35.94999909	1.56542200
35.99999909	1.61140500
36.04999909	1.56542200
36.09999909	1.61140500
36.14999909	1.61140500
36.19999909	1.56542200
36.24999908	1.56542200
36.29999908	1.61140500
36.34999908	1.56542200
36.39999908	1.56542200
36.44999908	1.56542200
36.49999908	1.56542200
36.54999908	1.56542200
36.59999908	1.56542200
36.64999907	1.61140500
36.69999907	1.56542200
36.74999907	1.56542200
36.79999907	1.56542200
36.84999907	1.51943900
36.89999907	1.56542200
36.94999907	1.56542200
36.99999907	1.56542200
37.04999906	1.56542200
37.09999906	1.56542200
37.14999906	1.56542200
37.19999906	1.56542200
37.24999906	1.56542200
37.29999906	1.56542200
37.34999906	1.56542200
37.39999906	1.56542200
37.44999905	1.56542200
37.49999905	1.56542200
37.54999905	1.61140500
37.59999905	1.56542200
37.64999905	1.56542200
37.69999905	1.56542200
37.74999905	1.61140500
37.79999905	1.56542200
37.84999904	1.56542200
37.89999904	1.61140500
37.94999904	1.51943900
37.99999904	1.56542200
38.04999904	1.56542200
38.09999904	1.56542200
38.14999904	1.61140500
38.19999903	1.61140500
38.24999903	1.56542200
38.29999903	1.61140500
38.34999903	1.56542200
38.39999903	1.56542200
38.44999903	1.61140500
38.49999903	1.61140500
38.54999903	1.56542200
38.59999902	1.56542200
38.64999902	1.56542200
38.69999902	1.61140500
38.74999902	1.51943900
38.79999902	1.56542200
38.84999902	1.61140500
38.89999902	1.56542200
38.94999902	1.56542200
38.99999901	1.61140500
39.04999901	1.56542200
39.09999901	1.56542200
39.14999901	1.56542200
39.19999901	1.56542200
39.24999901	1.56542200
39.29999901	1.56542200
39.34999901	1.56542200
39.39999900	1.56542200
39.44999900	1.56542200
39.49999900	1.61140500
39.54999900	1.56542200
39.59999900	1.56542200
39.64999900	1.61140500
39.69999900	1.56542200
39.74999900	1.56542200
39.79999899	1.56542200
39.84999899	1.61140500
39.89999899	1.56542200
39.94999899	1.61140500
39.99999899	1.51943900
40.04999899	1.56542200
40.09999899	1.56542200
40.14999899	1.56542200
40.19999898	1.61140500
40.24999898	1.56542200
40.29999898	1.61140500
40.34999898	1.61140500
40.39999898	1.56542200
40.44999898	1.61140500
40.49999898	1.56542200
40.54999898	1.56542200
40.59999897	1.56542200
40.64999897	1.56542200
40.69999897	1.56542200
40.74999897	1.56542200
40.79999897	1.65754200
40.84999897	1.56542200
40.89999897	1.61140500
40.94999897	1.51943900
40.99999896	1.56542200
41.04999896	1.61140500
41.09999896	1.56542200
41.14999896	1.61140500
41.19999896	1.56542200
41.24999896	1.56542200
41.29999896	1.61140500
41.34999896	1.61140500
41.39999895	1.56542200
41.44999895	1.56542200
41.49999895	1.61140500
41.54999895	1.61140500
41.59999895	1.56542200
41.64999895	1.56542200
41.69999895	1.56542200
41.74999895	1.56542200
41.79999894	1.61140500
41.84999894	1.56542200
41.89999894	1.61140500
41.94999894	1.51943900
41.99999894	1.56542200
42.04999894	1.56542200
42.09999894	1.61140500
42.14999894	1.56542200
42.19999893	1.56542200
42.24999893	1.61140500
42.29999893	1.61140500
42.34999893	1.56542200
42.39999893	1.56542200
42.44999893	1.56542200
42.49999893	1.56542200
42.54999893	1.61140500
42.59999892	1.56542200
42.64999892	1.56542200
42.69999892	1.56542200
42.74999892	1.51943900
42.79999892	1.56542200
42.84999892	1.61140500
42.89999892	1.51943900
42.94999891	1.61140500
42.99999891	1.61140500
43.04999891	1.56542200
43.09999891	1.61140500
43.14999891	1.51943900
43.19999891	1.56542200
43.24999891	1.56542200
43.29999891	1.56542200
43.34999890	1.56542200
43.39999890	1.56542200
43.44999890	1.56542200
43.49999890	1.61140500
43.54999890	1.56542200
43.59999890	1.61140500
43.64999890	1.56542200
43.69999890	1.51943900
43.74999889	1.56542200
43.79999889	1.56542200
43.84999889	1.61140500
43.89999889	1.51943900
43.94999889	1.56542200
43.99999889	1.56542200
44.04999889	1.56542200
44.09999889	1.61140500
44.14999888	1.61140500
44.19999888	1.56542200
44.24999888	1.61140500
44.29999888	1.61140500
44.34999888	1.56542200
44.39999888	1.51943900
44.44999888	1.61140500
44.49999888	1.51943900
44.54999887	1.56542200
44.59999887	1.56542200
44.64999887	1.51943900
44.69999887	1.56542200
44.74999887	1.56542200
44.79999887	1.61140500
44.84999887	1.61140500
44.89999887	1.51943900
44.94999886	1.56542200
44.99999886	1.56542200
45.04999886	1.56542200
45.09999886	1.51943900
45.14999886	1.56542200
45.19999886	1.56542200
45.24999886	1.56542200
45.29999886	1.61140500
45.34999885	1.56542200
45.39999885	1.61140500
45.44999885	1.56542200
45.49999885	1.56542200
45.54999885	1.61140500
45.59999885	1.61140500
45.64999885	1.61140500
45.69999885	1.61140500
45.74999884	1.56542200
45.79999884	1.61140500
45.84999884	1.51943900
45.89999884	1.56542200
45.94999884	1.56542200
45.99999884	1.61140500
46.04999884	1.61140500
46.09999884	1.56542200
46.14999883	1.56542200
46.19999883	1.56542200
46.24999883	1.56542200
46.29999883	1.61140500
46.34999883	1.56542200
46.39999883	1.61140500
46.44999883	1.56542200
46.49999883	1.61140500
46.54999882	1.56542200
46.59999882	1.56542200
46.64999882	1.56542200
46.69999882	1.61140500
46.74999882	1.56542200
46.79999882	1.56542200
46.84999882	1.56542200
46.89999882	1.56542200
46.94999881	1.61140500
46.99999881	1.61140500
47.04999881	1.61140500
47.09999881	1.56542200
47.14999881	1.56542200
47.19999881	1.56542200
47.24999881	1.61140500
47.29999881	1.56542200
47.34999880	1.51943900
47.39999880	1.56542200
47.44999880	1.56542200
47.49999880	1.56542200
47.54999880	1.56542200
47.59999880	1.61140500
47.64999880	1.56542200
47.69999879	1.56542200
47.74999879	1.56542200
47.79999879	1.51943900
47.84999879	1.56542200
47.89999879	1.56542200
47.94999879	1.56542200
47.99999879	1.56542200
48.04999879	1.51943900
48.09999878	1.56542200
48.14999878	1.56542200
48.19999878	1.61140500
48.24999878	1.56542200
48.29999878	1.56542200
48.34999878	1.56542200
48.39999878	1.56542200
48.44999878	1.56542200
48.49999877	1.56542200
48.54999877	1.56542200
48.59999877	1.56542200
48.64999877	1.56542200
48.69999877	1.51943900
48.74999877	1.56542200
48.79999877	1.61140500
48.84999877	1.56542200
48.89999876	1.51943900
48.94999876	1.56542200
48.99999876	1.56542200
49.04999876	1.56542200
49.09999876	1.56542200
49.14999876	1.56542200
49.19999876	1.56542200
49.24999876	1.56542200
49.29999875	1.56542200
49.34999875	1.56542200
49.39999875	1.56542200
49.44999875	1.56542200
49.49999875	1.56542200
49.54999875	1.56542200
49.59999875	1.56542200
49.64999875	1.56542200
49.69999874	1.61140500
49.74999874	1.56542200
49.79999874	1.56542200
49.84999874	1.56542200
49.89999874	1.61140500
49.94999874	1.56542200
49.99999874	1.56542200
50.04999874	1.56542200
50.09999873	1.56542200
50.14999873	1.61140500
