Tid	Kanal &A
(ms)	(V)

0.00000000	1.97988400
0.05000000	1.97988400
0.10000000	1.97988400
0.15000000	2.02586700
0.19999999	1.97988400
0.24999999	1.97988400
0.29999999	1.97988400
0.34999999	1.97988400
0.39999999	1.97988400
0.44999999	1.97988400
0.49999999	1.97988400
0.54999999	2.02586700
0.59999998	1.97988400
0.64999998	2.02586700
0.69999998	2.07185000
0.74999998	1.97988400
0.79999998	1.93374800
0.84999998	1.97988400
0.89999998	1.97988400
0.94999998	1.97988400
0.99999997	2.02586700
1.04999997	1.97988400
1.09999997	2.02586700
1.14999997	1.97988400
1.19999997	2.02586700
1.24999997	2.02586700
1.29999997	1.97988400
1.34999997	1.97988400
1.39999996	2.02586700
1.44999996	1.97988400
1.49999996	1.97988400
1.54999996	1.97988400
1.59999996	1.97988400
1.64999996	2.02586700
1.69999996	1.97988400
1.74999996	1.97988400
1.79999995	1.97988400
1.84999995	1.97988400
1.89999995	1.97988400
1.94999995	2.02586700
1.99999995	1.97988400
2.04999995	2.02586700
2.09999995	1.97988400
2.14999995	1.97988400
2.19999994	2.02586700
2.24999994	2.02586700
2.29999994	1.97988400
2.34999994	1.93374800
2.39999994	1.97988400
2.44999994	1.97988400
2.49999994	2.02586700
2.54999994	2.02586700
2.59999993	1.97988400
2.64999993	1.97988400
2.69999993	1.97988400
2.74999993	1.97988400
2.79999993	1.97988400
2.84999993	1.97988400
2.89999993	1.93374800
2.94999993	1.97988400
2.99999992	1.97988400
3.04999992	1.97988400
3.09999992	1.97988400
3.14999992	2.02586700
3.19999992	1.97988400
3.24999992	2.02586700
3.29999992	1.97988400
3.34999992	1.97988400
3.39999991	1.97988400
3.44999991	1.93374800
3.49999991	2.02586700
3.54999991	1.97988400
3.59999991	1.97988400
3.64999991	1.97988400
3.69999991	1.97988400
3.74999991	1.97988400
3.79999990	2.02586700
3.84999990	1.97988400
3.89999990	1.97988400
3.94999990	1.97988400
3.99999990	1.97988400
4.04999990	1.97988400
4.09999990	2.02586700
4.14999990	1.93374800
4.19999989	2.02586700
4.24999989	2.02586700
4.29999989	1.97988400
4.34999989	1.97988400
4.39999989	1.97988400
4.44999989	1.93374800
4.49999989	1.97988400
4.54999989	1.93374800
4.59999988	1.97988400
4.64999988	1.97988400
4.69999988	1.97988400
4.74999988	1.97988400
4.79999988	1.97988400
4.84999988	1.93374800
4.89999988	1.97988400
4.94999987	1.97988400
4.99999987	1.93374800
5.04999987	2.02586700
5.09999987	1.97988400
5.14999987	1.97988400
5.19999987	2.02586700
5.24999987	1.97988400
5.29999987	1.93374800
5.34999986	1.97988400
5.39999986	2.02586700
5.44999986	1.97988400
5.49999986	1.97988400
5.54999986	1.97988400
5.59999986	1.97988400
5.64999986	1.97988400
5.69999986	1.97988400
5.74999985	1.97988400
5.79999985	2.02586700
5.84999985	1.93374800
5.89999985	1.97988400
5.94999985	1.97988400
5.99999985	1.97988400
6.04999985	2.02586700
6.09999985	1.97988400
6.14999984	1.97988400
6.19999984	1.97988400
6.24999984	1.97988400
6.29999984	2.02586700
6.34999984	1.97988400
6.39999984	1.97988400
6.44999984	2.02586700
6.49999984	1.97988400
6.54999983	2.02586700
6.59999983	1.97988400
6.64999983	1.97988400
6.69999983	1.97988400
6.74999983	2.02586700
6.79999983	2.02586700
6.84999983	1.97988400
6.89999983	2.02586700
6.94999982	1.97988400
6.99999982	1.97988400
7.04999982	1.97988400
7.09999982	1.97988400
7.14999982	1.93374800
7.19999982	1.97988400
7.24999982	1.97988400
7.29999982	2.02586700
7.34999981	1.97988400
7.39999981	1.97988400
7.44999981	1.97988400
7.49999981	2.02586700
7.54999981	2.02586700
7.59999981	1.97988400
7.64999981	2.02586700
7.69999981	1.97988400
7.74999980	1.97988400
7.79999980	1.93374800
7.84999980	1.97988400
7.89999980	1.97988400
7.94999980	1.97988400
7.99999980	1.97988400
8.04999980	2.02586700
8.09999980	2.02586700
8.14999979	1.97988400
8.19999979	2.02586700
8.24999979	2.02586700
8.29999979	1.97988400
8.34999979	1.97988400
8.39999979	1.97988400
8.44999979	1.97988400
8.49999979	1.97988400
8.54999978	2.02586700
8.59999978	2.02586700
8.64999978	1.97988400
8.69999978	1.97988400
8.74999978	1.93374800
8.79999978	1.97988400
8.84999978	1.93374800
8.89999978	1.97988400
8.94999977	1.97988400
8.99999977	1.97988400
9.04999977	2.02586700
9.09999977	2.02586700
9.14999977	1.93374800
9.19999977	1.97988400
9.24999977	2.02586700
9.29999977	1.97988400
9.34999976	1.97988400
9.39999976	1.97988400
9.44999976	1.97988400
9.49999976	1.97988400
9.54999976	1.97988400
9.59999976	1.97988400
9.64999976	1.97988400
9.69999975	1.97988400
9.74999975	1.93374800
9.79999975	1.97988400
9.84999975	1.97988400
9.89999975	1.93374800
9.94999975	1.93374800
9.99999975	1.97988400
10.04999975	1.97988400
10.09999974	1.97988400
10.14999974	1.97988400
10.19999974	1.97988400
10.24999974	2.02586700
10.29999974	1.97988400
10.34999974	1.97988400
10.39999974	1.97988400
10.44999974	2.02586700
10.49999973	2.02586700
10.54999973	1.97988400
10.59999973	1.97988400
10.64999973	2.02586700
10.69999973	2.02586700
10.74999973	1.97988400
10.79999973	1.97988400
10.84999973	1.97988400
10.89999972	1.97988400
10.94999972	1.97988400
10.99999972	2.02586700
11.04999972	1.97988400
11.09999972	2.02586700
11.14999972	2.02586700
11.19999972	2.02586700
11.24999972	1.97988400
11.29999971	1.97988400
11.34999971	1.97988400
11.39999971	1.97988400
11.44999971	1.97988400
11.49999971	1.97988400
11.54999971	2.02586700
11.59999971	2.02586700
11.64999971	2.02586700
11.69999970	2.02586700
11.74999970	2.02586700
11.79999970	1.93374800
11.84999970	1.97988400
11.89999970	1.97988400
11.94999970	2.02586700
11.99999970	1.97988400
12.04999970	2.02586700
12.09999969	1.97988400
12.14999969	1.97988400
12.19999969	1.93374800
12.24999969	2.02586700
12.29999969	1.97988400
12.34999969	2.02586700
12.39999969	1.97988400
12.44999969	1.97988400
12.49999968	2.02586700
12.54999968	1.93374800
12.59999968	1.97988400
12.64999968	1.97988400
12.69999968	1.97988400
12.74999968	1.97988400
12.79999968	1.97988400
12.84999968	2.02586700
12.89999967	1.97988400
12.94999967	2.02586700
12.99999967	2.02586700
13.04999967	1.97988400
13.09999967	1.97988400
13.14999967	1.97988400
13.19999967	1.97988400
13.24999967	1.97988400
13.29999966	1.93374800
13.34999966	1.97988400
13.39999966	1.97988400
13.44999966	2.02586700
13.49999966	1.97988400
13.54999966	1.97988400
13.59999966	1.93374800
13.64999966	1.97988400
13.69999965	1.97988400
13.74999965	1.97988400
13.79999965	1.97988400
13.84999965	2.02586700
13.89999965	1.97988400
13.94999965	2.02586700
13.99999965	1.97988400
14.04999965	1.97988400
14.09999964	1.97988400
14.14999964	2.02586700
14.19999964	1.97988400
14.24999964	1.97988400
14.29999964	1.97988400
14.34999964	2.02586700
14.39999964	1.97988400
14.44999963	1.97988400
14.49999963	2.02586700
14.54999963	1.97988400
14.59999963	1.97988400
14.64999963	1.97988400
14.69999963	1.97988400
14.74999963	1.97988400
14.79999963	2.02586700
14.84999962	1.97988400
14.89999962	2.02586700
14.94999962	1.97988400
14.99999962	1.97988400
15.04999962	1.97988400
15.09999962	1.97988400
15.14999962	1.97988400
15.19999962	1.97988400
15.24999961	1.97988400
15.29999961	1.97988400
15.34999961	1.93374800
15.39999961	1.97988400
15.44999961	1.93374800
15.49999961	1.97988400
15.54999961	1.97988400
15.59999961	1.97988400
15.64999960	1.97988400
15.69999960	2.02586700
15.74999960	1.97988400
15.79999960	2.02586700
15.84999960	1.97988400
15.89999960	1.97988400
15.94999960	2.02586700
15.99999960	1.97988400
16.04999959	1.97988400
16.09999959	2.02586700
16.14999959	1.97988400
16.19999959	1.97988400
16.24999959	1.93374800
16.29999959	1.97988400
16.34999959	1.97988400
16.39999959	2.02586700
16.44999958	1.97988400
16.49999958	1.97988400
16.54999958	1.97988400
16.59999958	1.97988400
16.64999958	1.97988400
16.69999958	2.02586700
16.74999958	1.97988400
16.79999958	1.97988400
16.84999957	1.97988400
16.89999957	1.97988400
16.94999957	2.02586700
16.99999957	2.02586700
17.04999957	1.97988400
17.09999957	1.97988400
17.14999957	1.97988400
17.19999957	2.02586700
17.24999956	1.93374800
17.29999956	2.02586700
17.34999956	2.02586700
17.39999956	1.97988400
17.44999956	1.97988400
17.49999956	1.93374800
17.54999956	1.97988400
17.59999956	1.97988400
17.64999955	1.97988400
17.69999955	1.97988400
17.74999955	2.02586700
17.79999955	1.93374800
17.84999955	2.02586700
17.89999955	2.02586700
17.94999955	2.02586700
17.99999955	2.02586700
18.04999954	1.97988400
18.09999954	1.97988400
18.14999954	1.97988400
18.19999954	1.97988400
18.24999954	1.97988400
18.29999954	1.97988400
18.34999954	1.97988400
18.39999954	1.93374800
18.44999953	2.02586700
18.49999953	2.02586700
18.54999953	2.02586700
18.59999953	2.02586700
18.64999953	1.97988400
18.69999953	1.97988400
18.74999953	2.02586700
18.79999953	1.97988400
18.84999952	1.93374800
18.89999952	1.97988400
18.94999952	1.97988400
18.99999952	1.97988400
19.04999952	2.02586700
19.09999952	1.97988400
19.14999952	1.97988400
19.19999951	2.02586700
19.24999951	2.02586700
19.29999951	1.97988400
19.34999951	2.02586700
19.39999951	1.93374800
19.44999951	1.97988400
19.49999951	2.02586700
19.54999951	2.02586700
19.59999950	1.97988400
19.64999950	1.97988400
19.69999950	1.97988400
19.74999950	2.02586700
19.79999950	1.97988400
19.84999950	1.97988400
19.89999950	2.02586700
19.94999950	1.97988400
19.99999949	1.97988400
20.04999949	1.97988400
20.09999949	1.97988400
20.14999949	2.02586700
20.19999949	1.97988400
20.24999949	1.97988400
20.29999949	2.02586700
20.34999949	1.97988400
20.39999948	1.93374800
20.44999948	1.93374800
20.49999948	1.97988400
20.54999948	2.02586700
20.59999948	2.02586700
20.64999948	1.97988400
20.69999948	2.02586700
20.74999948	1.93374800
20.79999947	2.02586700
20.84999947	1.97988400
20.89999947	1.97988400
20.94999947	1.97988400
20.99999947	1.97988400
21.04999947	1.97988400
21.09999947	2.02586700
21.14999947	1.97988400
21.19999946	2.02586700
21.24999946	1.97988400
21.29999946	1.97988400
21.34999946	1.97988400
21.39999946	2.02586700
21.44999946	1.93374800
21.49999946	1.97988400
21.54999946	2.02586700
21.59999945	1.97988400
21.64999945	1.97988400
21.69999945	1.97988400
21.74999945	2.02586700
21.79999945	1.97988400
21.84999945	1.97988400
21.89999945	1.97988400
21.94999945	1.97988400
21.99999944	2.02586700
22.04999944	1.97988400
22.09999944	1.97988400
22.14999944	1.97988400
22.19999944	1.97988400
22.24999944	1.97988400
22.29999944	1.97988400
22.34999944	1.97988400
22.39999943	1.97988400
22.44999943	2.02586700
22.49999943	1.97988400
22.54999943	1.97988400
22.59999943	1.97988400
22.64999943	1.97988400
22.69999943	1.93374800
22.74999943	1.97988400
22.79999942	2.02586700
22.84999942	1.93374800
22.89999942	2.02586700
22.94999942	1.97988400
22.99999942	1.97988400
23.04999942	1.97988400
23.09999942	1.97988400
23.14999942	1.97988400
23.19999941	2.02586700
23.24999941	1.97988400
23.29999941	2.02586700
23.34999941	1.97988400
23.39999941	1.97988400
23.44999941	2.02586700
23.49999941	2.02586700
23.54999941	2.02586700
23.59999940	1.97988400
23.64999940	1.97988400
23.69999940	2.02586700
23.74999940	1.97988400
23.79999940	2.02586700
23.84999940	1.97988400
23.89999940	1.97988400
23.94999939	1.97988400
23.99999939	1.97988400
24.04999939	1.97988400
24.09999939	1.97988400
24.14999939	1.97988400
24.19999939	1.97988400
24.24999939	1.97988400
24.29999939	1.97988400
24.34999938	2.02586700
24.39999938	1.97988400
24.44999938	1.97988400
24.49999938	2.02586700
24.54999938	2.02586700
24.59999938	2.02586700
24.64999938	1.97988400
24.69999938	1.97988400
24.74999937	1.97988400
24.79999937	1.97988400
24.84999937	1.97988400
24.89999937	1.97988400
24.94999937	2.02586700
24.99999937	1.97988400
25.04999937	1.97988400
25.09999937	1.97988400
25.14999936	2.02586700
25.19999936	1.97988400
25.24999936	1.93374800
25.29999936	1.97988400
25.34999936	1.93374800
25.39999936	2.02586700
25.44999936	1.97988400
25.49999936	1.97988400
25.54999935	1.97988400
25.59999935	2.02586700
25.64999935	1.97988400
25.69999935	1.97988400
25.74999935	2.02586700
25.79999935	1.97988400
25.84999935	2.02586700
25.89999935	1.97988400
25.94999934	2.02586700
25.99999934	1.97988400
26.04999934	1.97988400
26.09999934	1.97988400
26.14999934	2.02586700
26.19999934	1.97988400
26.24999934	1.93374800
26.29999934	1.97988400
26.34999933	1.97988400
26.39999933	2.02586700
26.44999933	1.97988400
26.49999933	1.97988400
26.54999933	1.93374800
26.59999933	2.02586700
26.64999933	1.97988400
26.69999933	1.97988400
26.74999932	1.97988400
26.79999932	1.93374800
26.84999932	1.97988400
26.89999932	1.97988400
26.94999932	1.93374800
26.99999932	1.97988400
27.04999932	1.97988400
27.09999932	1.97988400
27.14999931	1.97988400
27.19999931	2.02586700
27.24999931	1.97988400
27.29999931	1.97988400
27.34999931	2.02586700
27.39999931	1.93374800
27.44999931	1.97988400
27.49999931	2.02586700
27.54999930	1.97988400
27.59999930	1.97988400
27.64999930	2.02586700
27.69999930	1.97988400
27.74999930	2.02586700
27.79999930	1.97988400
27.84999930	1.97988400
27.89999930	1.97988400
27.94999929	1.93374800
27.99999929	2.02586700
28.04999929	2.02586700
28.09999929	1.97988400
28.14999929	1.97988400
28.19999929	2.02586700
28.24999929	2.02586700
28.29999929	1.93374800
28.34999928	2.02586700
28.39999928	1.97988400
28.44999928	2.02586700
28.49999928	1.93374800
28.54999928	1.97988400
28.59999928	1.97988400
28.64999928	1.93374800
28.69999927	1.97988400
28.74999927	2.02586700
28.79999927	1.97988400
28.84999927	2.02586700
28.89999927	1.97988400
28.94999927	1.97988400
28.99999927	1.97988400
29.04999927	1.97988400
29.09999926	1.93374800
29.14999926	2.02586700
29.19999926	1.97988400
29.24999926	1.97988400
29.29999926	1.93374800
29.34999926	2.02586700
29.39999926	1.97988400
29.44999926	1.97988400
29.49999925	1.97988400
29.54999925	2.02586700
29.59999925	1.93374800
29.64999925	2.02586700
29.69999925	1.97988400
29.74999925	1.93374800
29.79999925	1.93374800
29.84999925	1.97988400
29.89999924	1.97988400
29.94999924	1.97988400
29.99999924	2.02586700
30.04999924	1.97988400
30.09999924	1.97988400
30.14999924	1.97988400
30.19999924	1.97988400
30.24999924	1.97988400
30.29999923	1.97988400
30.34999923	2.02586700
30.39999923	1.97988400
30.44999923	1.97988400
30.49999923	1.97988400
30.54999923	1.97988400
30.59999923	1.97988400
30.64999923	1.97988400
30.69999922	1.97988400
30.74999922	2.02586700
30.79999922	2.02586700
30.84999922	1.93374800
30.89999922	1.93374800
30.94999922	2.02586700
30.99999922	1.97988400
31.04999922	1.97988400
31.09999921	1.97988400
31.14999921	1.97988400
31.19999921	1.97988400
31.24999921	1.97988400
31.29999921	1.97988400
31.34999921	1.93374800
31.39999921	1.97988400
31.44999921	2.02586700
31.49999920	1.93374800
31.54999920	1.97988400
31.59999920	1.97988400
31.64999920	2.02586700
31.69999920	1.97988400
31.74999920	2.02586700
31.79999920	1.93374800
31.84999920	2.02586700
31.89999919	2.02586700
31.94999919	1.97988400
31.99999919	1.97988400
32.04999919	1.97988400
32.09999919	1.97988400
32.14999919	1.97988400
32.19999919	1.97988400
32.24999919	1.97988400
32.29999918	2.02586700
32.34999918	2.02586700
32.39999918	1.97988400
32.44999918	1.93374800
32.49999918	1.97988400
32.54999918	1.97988400
32.59999918	1.97988400
32.64999918	1.97988400
32.69999917	2.02586700
32.74999917	1.97988400
32.79999917	1.97988400
32.84999917	2.02586700
32.89999917	2.02586700
32.94999917	2.02586700
32.99999917	1.97988400
33.04999917	1.97988400
33.09999916	2.02586700
33.14999916	1.97988400
33.19999916	2.02586700
33.24999916	1.97988400
33.29999916	1.97988400
33.34999916	2.02586700
33.39999916	1.97988400
33.44999915	1.97988400
33.49999915	2.02586700
33.54999915	1.97988400
33.59999915	2.02586700
33.64999915	2.02586700
33.69999915	1.97988400
33.74999915	1.97988400
33.79999915	2.02586700
33.84999914	1.97988400
33.89999914	1.97988400
33.94999914	1.97988400
33.99999914	2.02586700
34.04999914	1.97988400
34.09999914	1.97988400
34.14999914	2.02586700
34.19999914	1.97988400
34.24999913	1.97988400
34.29999913	1.97988400
34.34999913	1.97988400
34.39999913	1.97988400
34.44999913	2.02586700
34.49999913	1.93374800
34.54999913	2.02586700
34.59999913	1.97988400
34.64999912	1.97988400
34.69999912	1.97988400
34.74999912	1.93374800
34.79999912	1.97988400
34.84999912	1.97988400
34.89999912	1.97988400
34.94999912	1.97988400
34.99999912	2.02586700
35.04999911	2.07185000
35.09999911	1.97988400
35.14999911	1.97988400
35.19999911	1.97988400
35.24999911	2.02586700
35.29999911	1.97988400
35.34999911	1.97988400
35.39999911	1.97988400
35.44999910	2.02586700
35.49999910	1.97988400
35.54999910	2.02586700
35.59999910	1.97988400
35.64999910	2.02586700
35.69999910	2.02586700
35.74999910	2.02586700
35.79999910	1.97988400
35.84999909	2.02586700
35.89999909	1.97988400
35.94999909	1.97988400
35.99999909	1.97988400
36.04999909	1.97988400
36.09999909	1.97988400
36.14999909	2.02586700
36.19999909	1.97988400
36.24999908	1.97988400
36.29999908	2.02586700
36.34999908	2.02586700
36.39999908	1.97988400
36.44999908	1.97988400
36.49999908	2.02586700
36.54999908	1.97988400
36.59999908	1.97988400
36.64999907	1.97988400
36.69999907	2.02586700
36.74999907	1.97988400
36.79999907	2.02586700
36.84999907	1.93374800
36.89999907	2.02586700
36.94999907	1.97988400
36.99999907	1.97988400
37.04999906	2.02586700
37.09999906	2.02586700
37.14999906	2.02586700
37.19999906	1.97988400
37.24999906	1.93374800
37.29999906	2.02586700
37.34999906	1.97988400
37.39999906	2.02586700
37.44999905	1.97988400
37.49999905	1.97988400
37.54999905	2.02586700
37.59999905	2.02586700
37.64999905	2.02586700
37.69999905	1.97988400
37.74999905	2.02586700
37.79999905	2.02586700
37.84999904	1.97988400
37.89999904	1.97988400
37.94999904	1.97988400
37.99999904	1.97988400
38.04999904	1.97988400
38.09999904	1.97988400
38.14999904	1.97988400
38.19999903	2.02586700
38.24999903	1.97988400
38.29999903	1.97988400
38.34999903	1.97988400
38.39999903	2.02586700
38.44999903	2.02586700
38.49999903	1.97988400
38.54999903	1.97988400
38.59999902	1.97988400
38.64999902	1.97988400
38.69999902	1.97988400
38.74999902	2.02586700
38.79999902	2.02586700
38.84999902	1.97988400
38.89999902	1.97988400
38.94999902	1.97988400
38.99999901	1.97988400
39.04999901	1.97988400
39.09999901	1.97988400
39.14999901	1.97988400
39.19999901	1.97988400
39.24999901	1.97988400
39.29999901	1.97988400
39.34999901	1.97988400
39.39999900	1.97988400
39.44999900	1.97988400
39.49999900	1.93374800
39.54999900	1.97988400
39.59999900	1.97988400
39.64999900	1.97988400
39.69999900	1.97988400
39.74999900	1.97988400
39.79999899	1.97988400
39.84999899	1.97988400
39.89999899	1.97988400
39.94999899	1.97988400
39.99999899	1.97988400
40.04999899	1.93374800
40.09999899	1.97988400
40.14999899	1.97988400
40.19999898	1.97988400
40.24999898	2.02586700
40.29999898	1.97988400
40.34999898	1.93374800
40.39999898	2.02586700
40.44999898	1.97988400
40.49999898	1.97988400
40.54999898	1.97988400
40.59999897	1.97988400
40.64999897	1.97988400
40.69999897	1.97988400
40.74999897	2.02586700
40.79999897	1.97988400
40.84999897	1.97988400
40.89999897	1.97988400
40.94999897	1.97988400
40.99999896	2.02586700
41.04999896	1.97988400
41.09999896	1.97988400
41.14999896	1.97988400
41.19999896	1.97988400
41.24999896	1.97988400
41.29999896	1.97988400
41.34999896	1.97988400
41.39999895	2.02586700
41.44999895	2.02586700
41.49999895	2.02586700
41.54999895	1.97988400
41.59999895	1.97988400
41.64999895	1.97988400
41.69999895	1.97988400
41.74999895	1.97988400
41.79999894	1.97988400
41.84999894	1.93374800
41.89999894	2.02586700
41.94999894	1.97988400
41.99999894	2.02586700
42.04999894	1.97988400
42.09999894	1.97988400
42.14999894	1.97988400
42.19999893	2.02586700
42.24999893	1.97988400
42.29999893	2.02586700
42.34999893	1.97988400
42.39999893	1.97988400
42.44999893	1.97988400
42.49999893	1.97988400
42.54999893	1.97988400
42.59999892	2.02586700
42.64999892	1.97988400
42.69999892	1.97988400
42.74999892	1.97988400
42.79999892	1.97988400
42.84999892	1.97988400
42.89999892	1.97988400
42.94999891	1.97988400
42.99999891	1.97988400
43.04999891	1.97988400
43.09999891	1.97988400
43.14999891	1.97988400
43.19999891	2.02586700
43.24999891	1.97988400
43.29999891	2.02586700
43.34999890	1.97988400
43.39999890	2.02586700
43.44999890	1.97988400
43.49999890	2.02586700
43.54999890	1.97988400
43.59999890	2.02586700
43.64999890	1.97988400
43.69999890	1.97988400
43.74999889	1.97988400
43.79999889	2.02586700
43.84999889	1.97988400
43.89999889	1.97988400
43.94999889	1.97988400
43.99999889	1.97988400
44.04999889	1.93374800
44.09999889	1.97988400
44.14999888	1.97988400
44.19999888	1.97988400
44.24999888	1.93374800
44.29999888	1.97988400
44.34999888	1.97988400
44.39999888	1.97988400
44.44999888	1.97988400
44.49999888	2.02586700
44.54999887	1.97988400
44.59999887	1.97988400
44.64999887	2.02586700
44.69999887	1.93374800
44.74999887	2.02586700
44.79999887	1.97988400
44.84999887	1.97988400
44.89999887	1.97988400
44.94999886	1.97988400
44.99999886	1.97988400
45.04999886	1.97988400
45.09999886	1.97988400
45.14999886	2.02586700
45.19999886	1.97988400
45.24999886	1.93374800
45.29999886	1.97988400
45.34999885	2.02586700
45.39999885	2.02586700
45.44999885	1.97988400
45.49999885	2.02586700
45.54999885	1.97988400
45.59999885	1.97988400
45.64999885	1.97988400
45.69999885	1.97988400
45.74999884	1.97988400
45.79999884	1.97988400
45.84999884	2.02586700
45.89999884	1.97988400
45.94999884	1.97988400
45.99999884	1.97988400
46.04999884	1.97988400
46.09999884	1.97988400
46.14999883	1.97988400
46.19999883	1.97988400
46.24999883	2.02586700
46.29999883	1.97988400
46.34999883	1.97988400
46.39999883	1.97988400
46.44999883	1.97988400
46.49999883	1.97988400
46.54999882	2.02586700
46.59999882	1.97988400
46.64999882	1.97988400
46.69999882	1.97988400
46.74999882	2.02586700
46.79999882	1.93374800
46.84999882	1.97988400
46.89999882	1.97988400
46.94999881	1.93374800
46.99999881	1.97988400
47.04999881	1.97988400
47.09999881	1.93374800
47.14999881	1.97988400
47.19999881	1.97988400
47.24999881	1.97988400
47.29999881	1.97988400
47.34999880	1.97988400
47.39999880	1.97988400
47.44999880	1.97988400
47.49999880	1.97988400
47.54999880	1.97988400
47.59999880	1.97988400
47.64999880	1.97988400
47.69999879	1.97988400
47.74999879	1.97988400
47.79999879	1.97988400
47.84999879	2.02586700
47.89999879	2.02586700
47.94999879	1.97988400
47.99999879	1.93374800
48.04999879	1.97988400
48.09999878	1.97988400
48.14999878	2.02586700
48.19999878	1.97988400
48.24999878	1.97988400
48.29999878	1.97988400
48.34999878	1.97988400
48.39999878	1.93374800
48.44999878	1.97988400
48.49999877	2.02586700
48.54999877	1.97988400
48.59999877	1.97988400
48.64999877	1.97988400
48.69999877	1.97988400
48.74999877	1.97988400
48.79999877	1.97988400
48.84999877	1.93374800
48.89999876	1.97988400
48.94999876	1.97988400
48.99999876	1.97988400
49.04999876	2.02586700
49.09999876	2.02586700
49.14999876	1.97988400
49.19999876	2.02586700
49.24999876	1.97988400
49.29999875	2.02586700
49.34999875	1.97988400
49.39999875	1.97988400
49.44999875	1.97988400
49.49999875	1.97988400
49.54999875	1.97988400
49.59999875	2.02586700
49.64999875	1.97988400
49.69999874	1.97988400
49.74999874	1.97988400
49.79999874	2.02586700
49.84999874	2.02586700
49.89999874	1.97988400
49.94999874	1.93374800
49.99999874	1.97988400
50.04999874	2.02586700
50.09999873	1.97988400
50.14999873	2.02586700
