0.033 0.738 0.146
0.067 0.738 0.146
0.100 0.721 0.157
0.133 0.703 0.166
0.167 0.685 0.177
0.200 0.667 0.188
0.233 0.650 0.198
0.267 0.630 0.209
0.300 0.613 0.219
0.333 0.594 0.230
0.367 0.575 0.241
0.400 0.557 0.250
0.433 0.537 0.261
0.467 0.519 0.271
0.500 0.501 0.281
0.533 0.483 0.292
0.567 0.476 0.293
0.600 0.474 0.291
0.633 0.472 0.290
0.667 0.470 0.286
0.700 0.468 0.285
0.733 0.466 0.283
0.767 0.464 0.280
0.800 0.462 0.279
0.833 0.460 0.276
0.867 0.458 0.275
0.900 0.456 0.273
0.933 0.454 0.269
0.967 0.451 0.269
1.000 0.450 0.265
1.033 0.448 0.263
