0.000 0.763 0.159
0.033 0.747 0.169
0.067 0.730 0.180
0.100 0.712 0.191
0.133 0.696 0.200
0.167 0.678 0.211
0.200 0.661 0.222
0.233 0.644 0.231
0.267 0.626 0.243
0.300 0.609 0.252
0.333 0.591 0.263
0.367 0.574 0.274
0.400 0.556 0.283
0.433 0.538 0.293
0.467 0.520 0.304
0.500 0.503 0.314
0.533 0.485 0.325
0.567 0.479 0.327
0.600 0.479 0.324
0.633 0.478 0.323
0.667 0.478 0.319
0.700 0.478 0.317
0.733 0.477 0.315
0.767 0.477 0.312
0.800 0.477 0.310
0.833 0.476 0.306
0.867 0.476 0.303
0.900 0.475 0.300
0.933 0.476 0.296
0.967 0.474 0.293
1.000 0.474 0.289
