mass_C
t x y
0.000 0.421 0.343
0.033 0.421 0.343
0.067 0.421 0.343
0.100 0.420 0.344
0.133 0.420 0.344
0.167 0.420 0.344
0.200 0.419 0.345
0.233 0.420 0.344
0.267 0.420 0.345
0.300 0.419 0.346
0.333 0.420 0.345
0.367 0.419 0.346
0.400 0.419 0.345
0.433 0.419 0.345
0.467 0.418 0.346
0.500 0.419 0.345
0.533 0.418 0.346
0.567 0.408 0.354
0.600 0.392 0.365
0.633 0.375 0.379
0.667 0.359 0.390
0.700 0.343 0.403
0.733 0.326 0.417
0.767 0.310 0.428
0.800 0.293 0.441
0.833 0.276 0.455
0.867 0.260 0.466
0.900 0.243 0.480
0.933 0.226 0.493
0.967 0.210 0.505
1.000 0.193 0.518
1.033 0.176 0.530
