0.000 0.400 0.354
0.033 0.399 0.354
0.067 0.399 0.353
0.100 0.398 0.353
0.133 0.398 0.353
0.167 0.398 0.352
0.200 0.397 0.353
0.233 0.397 0.351
0.267 0.397 0.352
0.300 0.396 0.352
0.333 0.397 0.350
0.367 0.396 0.351
0.400 0.396 0.350
0.433 0.396 0.350
0.467 0.395 0.350
0.500 0.395 0.349
0.533 0.394 0.349
0.567 0.384 0.357
0.600 0.368 0.369
0.633 0.352 0.383
0.667 0.336 0.396
0.700 0.320 0.409
0.733 0.303 0.423
0.767 0.287 0.435
0.800 0.270 0.449
0.833 0.254 0.463
0.867 0.238 0.475
0.900 0.221 0.490
0.933 0.204 0.503
0.967 0.188 0.515
1.000 0.171 0.530
1.033 0.155 0.542
