
0.000 282.2 -101.5
0.033 268.4 -96.65
0.067 255.5 -92.31
0.100 240.8 -85.75
0.133 227.3 -81.66
0.167 213.2 -76.20
0.200 199.2 -70.55
0.233 185.9 -66.62
0.267 171.2 -60.25
0.300 157.2 -55.53
0.333 144.0 -50.95
0.366 129.5 -44.41
0.400 115.8 -40.45
0.433 102.1 -34.71
0.466 88.34 -28.77
0.500 75.15 -24.99
0.533 61.08 -18.59
0.566 47.34 -13.93
0.600 34.05 -9.568
0.633 24.36 -7.162
0.666 20.04 -11.17
0.699 15.12 -13.34
0.733 10.15 -15.42
0.766 5.603 -19.55
0.799 0.264 -20.56
0.833 -4.524 -23.82
0.866 -9.352 -26.57
0.899 -14.73 -27.79
0.933 -18.96 -31.62
0.966 -23.97 -32.83
0.999 -28.56 -35.58
1.033 -32.99 -38.69
1.066 -37.90 -39.62
1.099 -42.00 -43.57
1.133 -46.73 -45.52
1.166 -51.47 -47.52
1.199 -55.80 -51.54
