0.000	0.727	0.114
0.033	0.714	0.122
0.067	0.703	0.128
0.100	0.691	0.135
0.133	0.678	0.143
0.167	0.666	0.148
0.200	0.653	0.156
0.233	0.641	0.163
0.267	0.629	0.169
0.300	0.615	0.177
0.333	0.603	0.183
0.366	0.590	0.189
0.400	0.577	0.197
0.433	0.565	0.202
0.467	0.552	0.209
0.500	0.539	0.216
0.533	0.527	0.221
0.566	0.514	0.230
0.600	0.501	0.235
0.633	0.489	0.241
0.666	0.476	0.249
0.700	0.464	0.253
0.733	0.451	0.260
0.766	0.439	0.266
0.800	0.427	0.272
0.833	0.413	0.279
0.866	0.402	0.284
0.900	0.389	0.290
0.933	0.376	0.298
0.966	0.365	0.302
1.000	0.352	0.309
1.033	0.345	0.313
1.066	0.344	0.312
1.100	0.343	0.313
1.133	0.342	0.311
1.166	0.341	0.310
1.200	0.340	0.310
1.233	0.339	0.308
1.266	0.338	0.309
1.299	0.337	0.308
1.333	0.337	0.307
1.366	0.334	0.307
1.399	0.334	0.305
1.433	0.332	0.305
1.466	0.332	0.305
1.499	0.331	0.303
1.533	0.329	0.304
1.566	0.329	0.302
1.599	0.328	0.302
1.633	0.326	0.302
