0.000	0.331	0.369
0.033	0.331	0.366
0.067	0.329	0.367
0.100	0.329	0.366
0.133	0.329	0.365
0.167	0.328	0.365
0.200	0.328	0.363
0.233	0.326	0.364
0.267	0.326	0.363
0.300	0.325	0.362
0.333	0.325	0.363
0.366	0.324	0.361
0.400	0.324	0.361
0.433	0.324	0.360
0.467	0.323	0.359
0.500	0.322	0.360
0.533	0.322	0.358
0.566	0.322	0.357
0.600	0.321	0.358
0.633	0.321	0.356
0.666	0.320	0.356
0.700	0.320	0.355
0.733	0.319	0.354
0.766	0.319	0.354
0.800	0.319	0.352
0.833	0.318	0.352
0.866	0.317	0.352
0.900	0.316	0.350
0.933	0.316	0.352
0.966	0.316	0.350
1.000	0.315	0.349
1.033	0.311	0.352
1.066	0.300	0.356
1.100	0.287	0.364
1.133	0.275	0.371
1.166	0.263	0.376
1.200	0.250	0.384
1.233	0.239	0.389
1.266	0.226	0.395
1.299	0.214	0.403
1.333	0.202	0.408
1.366	0.190	0.416
1.399	0.178	0.422
1.433	0.166	0.428
1.466	0.153	0.436
1.499	0.141	0.442
1.533	0.129	0.448
1.566	0.118	0.456
1.599	0.105	0.462
1.633	9.282E-2	0.470
