0.000	0.309	0.340
0.033	0.309	0.338
0.067	0.308	0.339
0.100	0.308	0.337
0.133	0.307	0.337
0.167	0.306	0.337
0.200	0.306	0.335
0.233	0.305	0.336
0.267	0.304	0.335
0.300	0.304	0.334
0.333	0.303	0.335
0.366	0.303	0.333
0.400	0.302	0.333
0.433	0.301	0.333
0.467	0.301	0.332
0.500	0.300	0.333
0.533	0.300	0.331
0.566	0.299	0.331
0.600	0.298	0.331
0.633	0.298	0.329
0.666	0.297	0.330
0.700	0.297	0.328
0.733	0.296	0.327
0.766	0.295	0.328
0.800	0.295	0.326
0.833	0.294	0.327
0.866	0.294	0.326
0.900	0.293	0.325
0.933	0.292	0.326
0.966	0.292	0.324
1.000	0.291	0.324
1.033	0.286	0.327
1.066	0.275	0.331
1.100	0.262	0.339
1.133	0.251	0.344
1.166	0.238	0.350
1.200	0.226	0.357
1.233	0.215	0.362
1.266	0.202	0.369
1.299	0.190	0.376
1.333	0.178	0.381
1.366	0.165	0.389
1.399	0.154	0.394
1.433	0.141	0.401
1.466	0.129	0.409
1.499	0.118	0.414
1.533	0.106	0.421
1.566	9.377E-2	0.428
1.599	8.227E-2	0.433
1.633	7.022E-2	0.441
