0.000	0.743	0.140
0.033	0.732	0.148
0.067	0.722	0.156
0.100	0.711	0.165
0.133	0.701	0.173
0.167	0.690	0.181
0.200	0.679	0.189
0.233	0.668	0.195
0.267	0.657	0.203
0.300	0.646	0.210
0.333	0.635	0.216
0.367	0.623	0.224
0.400	0.612	0.230
0.433	0.601	0.237
0.467	0.589	0.244
0.500	0.577	0.249
0.533	0.565	0.256
0.567	0.554	0.262
0.600	0.543	0.266
0.633	0.530	0.273
0.667	0.518	0.277
0.700	0.506	0.282
0.733	0.501	0.291
0.767	0.500	0.299
0.800	0.499	0.308
0.834	0.498	0.316
0.867	0.497	0.324
0.900	0.496	0.334
0.934	0.494	0.342
0.967	0.494	0.350
1.000	0.492	0.360
1.033	0.492	0.367
1.067	0.490	0.376
1.100	0.489	0.386
1.133	0.487	0.394
1.166	0.486	0.403
1.200	0.485	0.411
1.233	0.484	0.420
1.266	0.483	0.430
1.300	0.482	0.437
1.333	0.481	0.446
1.366	0.479	0.455
1.400	0.479	0.462
1.433	0.477	0.472
1.466	0.476	0.480
1.500	0.475	0.488
1.533	0.473	0.498
1.566	0.472	0.506
1.600	0.471	0.515
1.633	0.469	0.524
1.666	0.469	0.532
1.700	0.467	0.542
