0.000	0.766	0.113
0.033	0.753	0.120
0.067	0.741	0.126
0.100	0.728	0.134
0.133	0.715	0.141
0.167	0.702	0.148
0.200	0.689	0.156
0.233	0.676	0.161
0.267	0.663	0.169
0.300	0.649	0.176
0.333	0.636	0.182
0.367	0.622	0.190
0.400	0.609	0.196
0.433	0.594	0.203
0.467	0.581	0.210
0.500	0.568	0.216
0.533	0.553	0.224
0.567	0.540	0.230
0.600	0.526	0.236
0.633	0.512	0.244
0.667	0.498	0.250
0.700	0.484	0.257
0.733	0.480	0.265
0.767	0.479	0.273
0.800	0.479	0.282
0.834	0.478	0.290
0.867	0.477	0.297
0.900	0.476	0.307
0.934	0.476	0.314
0.967	0.475	0.323
1.000	0.474	0.332
1.033	0.474	0.339
1.067	0.473	0.348
1.100	0.472	0.357
1.133	0.472	0.364
1.166	0.471	0.374
1.200	0.471	0.381
1.233	0.470	0.389
1.266	0.469	0.399
1.300	0.469	0.406
1.333	0.468	0.415
1.366	0.468	0.423
1.400	0.467	0.431
1.433	0.467	0.440
1.466	0.466	0.448
1.500	0.466	0.457
1.533	0.465	0.466
1.566	0.464	0.474
1.600	0.464	0.483
1.633	0.463	0.492
1.666	0.463	0.500
1.700	0.461	0.510
