0.033 -33.10 53.20
0.067 -33.99 53.85
0.100 -34.41 53.18
0.133 -34.91 52.12
0.167 -35.94 53.02
0.200 -35.98 51.17
0.233 -36.76 51.10
0.267 -37.13 51.12
0.300 -37.39 49.14
0.333 -38.25 49.96
0.367 -38.80 48.36
0.400 -39.19 47.64
0.433 -40.02 48.13
0.467 -40.12 46.15
0.500 -40.99 46.95
0.533 -41.65 46.19
0.566 -41.99 45.14
0.600 -42.93 46.10
0.633 -42.97 44.23
0.666 -43.39 44.34
0.700 -47.98 47.02
0.733 -59.00 51.94
0.766 -70.92 59.15
0.800 -82.03 64.75
0.833 -93.69 70.46
0.866 -105.1 77.77
0.900 -116.2 82.89
0.933 -128.0 89.89
0.966 -139.7 96.26
1.000 -151.0 101.3
1.033 -163.0 109.2
1.066 -174.1 115.0
1.100 -185.8 121.1
1.133 -197.4 129.0
1.166 -208.1 134.1
1.200 -219.8 141.2
1.233 -231.0 148.2
1.266 -241.9 153.4
1.300 -253.4 161.2
1.333 -264.2 167.3
