0.000	0.341	0.282
0.033	0.332	0.282
0.067	0.325	0.282
0.100	0.320	0.289
0.133	0.318	0.296
0.167	0.320	0.303
0.200	0.326	0.311
0.233	0.336	0.317
0.267	0.349	0.319
0.300	0.363	0.319
0.333	0.378	0.312
0.367	0.391	0.303
0.400	0.401	0.290
0.433	0.408	0.275
0.467	0.411	0.260
0.500	0.410	0.243
0.533	0.404	0.231
0.567	0.397	0.221
0.600	0.388	0.216
0.633	0.379	0.215
0.667	0.372	0.217
0.700	0.367	0.223
0.733	0.358	0.227
0.767	0.347	0.229
0.800	0.338	0.233
0.834	0.331	0.235
0.867	0.326	0.236
0.900	0.322	0.237
0.934	0.321	0.234
0.967	0.319	0.231
1.000	0.317	0.224
1.033	0.315	0.215
1.067	0.312	0.205
1.100	0.307	0.192
1.133	0.299	0.179
1.166	0.291	0.164
1.200	0.279	0.149
1.233	0.265	0.137
1.266	0.249	0.122
1.300	0.231	0.113
1.333	0.213	0.103
1.366	0.193	9.651E-2
1.400	0.173	9.333E-2
1.433	0.155	9.032E-2
1.466	0.138	9.161E-2
1.500	0.123	9.392E-2
1.533	0.110	9.566E-2
1.566	9.818E-2	0.100
1.600	8.931E-2	0.103
1.633	8.196E-2	0.106
1.666	7.715E-2	0.110
1.700	7.427E-2	0.109
