0.000	0.654	0.265
0.033	0.632	0.269
0.067	0.611	0.274
0.100	0.589	0.279
0.133	0.568	0.283
0.166	0.546	0.289
0.200	0.524	0.292
0.233	0.502	0.297
0.266	0.481	0.302
0.300	0.459	0.305
0.333	0.437	0.311
0.366	0.416	0.315
0.400	0.396	0.319
0.433	0.390	0.324
0.466	0.382	0.327
0.500	0.374	0.330
0.533	0.367	0.335
0.566	0.359	0.338
0.600	0.351	0.343
0.633	0.343	0.346
0.666	0.336	0.349
0.700	0.327	0.353
0.733	0.320	0.356
0.766	0.311	0.359
0.799	0.303	0.363
0.833	0.296	0.365
0.866	0.287	0.370
0.899	0.279	0.373
0.933	0.271	0.375
0.966	0.262	0.380
0.999	0.254	0.382
1.033	0.246	0.385
1.066	0.237	0.388
1.100	0.229	0.390
1.133	0.220	0.394
1.166	0.212	0.396
1.200	0.204	0.399
1.233	0.196	0.403
1.266	0.188	0.404
1.300	0.179	0.408
1.333	0.171	0.410
1.366	0.163	0.412
1.400	0.155	0.415
1.433	0.146	0.416
1.466	0.138	0.418
1.499	0.130	0.421
1.533	0.122	0.422
1.566	0.114	0.425
1.599	0.106	0.426
1.633	9.719E-2	0.427
1.666	8.877E-2	0.430
1.699	8.126E-2	0.431
1.733	7.301E-2	0.433
1.766	6.539E-2	0.435
1.799	5.731E-2	0.435
