0.000	0.654	0.229
0.033	0.633	0.233
0.067	0.610	0.238
0.100	0.589	0.242
0.133	0.567	0.247
0.166	0.545	0.252
0.200	0.523	0.256
0.233	0.501	0.261
0.266	0.480	0.266
0.300	0.458	0.269
0.333	0.436	0.275
0.366	0.414	0.279
0.400	0.396	0.283
0.433	0.391	0.288
0.466	0.386	0.291
0.500	0.380	0.296
0.533	0.374	0.300
0.566	0.368	0.303
0.600	0.362	0.309
0.633	0.355	0.312
0.666	0.349	0.316
0.700	0.342	0.321
0.733	0.335	0.324
0.766	0.328	0.328
0.799	0.321	0.332
0.833	0.314	0.335
0.866	0.307	0.340
0.899	0.300	0.344
0.933	0.293	0.348
0.966	0.285	0.353
0.999	0.279	0.355
1.033	0.271	0.360
1.066	0.264	0.364
1.100	0.256	0.368
1.133	0.249	0.373
1.166	0.242	0.375
1.200	0.234	0.379
1.233	0.226	0.384
1.266	0.219	0.387
1.300	0.212	0.391
1.333	0.204	0.394
1.366	0.197	0.397
1.400	0.188	0.402
1.433	0.181	0.404
1.466	0.173	0.408
1.499	0.165	0.411
1.533	0.157	0.413
1.566	0.149	0.418
1.599	0.141	0.420
1.633	0.133	0.423
1.666	0.125	0.427
1.699	0.117	0.429
1.733	0.109	0.432
1.766	0.101	0.435
1.799	9.326E-2	0.437
