StilleCenter
t x y
0.000 -18.85 40.10
0.033 -19.08 39.18
0.067 -19.77 39.15
0.100 -20.07 39.82
0.133 -20.15 38.47
0.166 -20.87 39.14
0.200 -21.16 38.47
0.233 -21.65 38.05
0.266 -21.94 38.88
0.300 -22.11 37.23
0.333 -22.82 37.80
0.366 -23.17 37.80
0.400 -24.52 36.94
0.433 -31.93 38.23
0.466 -38.79 37.99
0.500 -45.85 38.41
0.533 -52.76 39.31
0.566 -59.01 39.04
0.600 -65.88 40.39
0.633 -72.06 40.39
0.666 -78.56 40.68
0.700 -84.97 42.19
0.733 -90.93 41.89
0.766 -97.18 43.14
0.799 -103.0 43.91
0.833 -109.0 43.57
0.866 -115.1 45.17
0.899 -120.9 45.06
0.933 -126.8 45.99
0.966 -132.8 47.21
0.999 -138.1 46.95
1.033 -144.0 48.91
1.066 -149.7 49.24
1.100 -155.0 50.07
1.133 -160.7 52.08
1.166 -165.7 52.03
1.200 -171.0 53.95
1.233 -176.0 55.10
1.266 -180.9 55.42
1.300 -186.1 57.83
1.333 -190.8 58.12
1.366 -195.8 59.45
1.400 -200.8 61.21
1.433 -205.6 61.36
1.466 -210.6 63.75
1.499 -215.3 64.80
1.533 -220.0 65.97
1.566 -224.9 68.42
1.599 -229.1 68.94
1.633 -233.9 71.10
1.666 -238.7 73.10
