0.000	0.292	0.288
0.033	0.292	0.287
0.067	0.292	0.288
0.100	0.291	0.287
0.133	0.291	0.286
0.166	0.290	0.287
0.200	0.290	0.286
0.233	0.290	0.285
0.266	0.289	0.286
0.300	0.290	0.284
0.333	0.289	0.285
0.366	0.289	0.284
0.400	0.288	0.283
0.433	0.281	0.284
0.466	0.275	0.282
0.500	0.269	0.282
0.533	0.263	0.282
0.566	0.257	0.281
0.600	0.251	0.281
0.633	0.246	0.280
0.666	0.241	0.280
0.700	0.236	0.280
0.733	0.231	0.279
0.766	0.226	0.280
0.799	0.221	0.280
0.833	0.216	0.279
0.866	0.212	0.280
0.899	0.206	0.280
0.933	0.202	0.281
0.966	0.197	0.281
0.999	0.192	0.281
1.033	0.187	0.283
1.066	0.183	0.283
1.100	0.179	0.284
1.133	0.175	0.286
1.166	0.171	0.286
1.200	0.167	0.288
1.233	0.163	0.289
1.266	0.159	0.289
1.300	0.155	0.292
1.333	0.151	0.292
1.366	0.147	0.294
1.400	0.143	0.296
1.433	0.140	0.296
1.466	0.136	0.300
1.499	0.132	0.301
1.533	0.128	0.302
1.566	0.124	0.305
1.599	0.120	0.306
1.633	0.116	0.309
1.666	0.113	0.312
1.699	0.109	0.314
1.733	0.104	0.317
1.766	0.101	0.319
1.799	9.682E-2	0.322
