-300.99996924	0.27958910
-299.99996931	0.26094980
-298.99996938	0.26094980
-297.99996945	0.27958910
-296.99996952	0.27958910
-295.99996959	0.27958910
-294.99996966	0.27958910
-293.99996973	0.27958910
-292.99996980	0.27958910
-291.99996986	0.26094980
-290.99996993	0.26094980
-289.99997000	0.27958910
-288.99997007	0.27958910
-287.99997014	0.26094980
-286.99997021	0.26094980
-285.99997028	0.26094980
-284.99997035	0.27958910
-283.99997042	0.26094980
-282.99997048	0.27958910
-281.99997055	0.26094980
-280.99997062	0.26094980
-279.99997069	0.27958910
-278.99997076	0.26094980
-277.99997083	0.26094980
-276.99997090	0.27958910
-275.99997097	0.26094980
-274.99997104	0.26094980
-273.99997110	0.27958910
-272.99997117	0.27958910
-271.99997124	0.26094980
-270.99997131	0.27958910
-269.99997138	0.27958910
-268.99997145	0.27958910
-267.99997152	0.26094980
-266.99997159	0.27958910
-265.99997166	0.27958910
-264.99997173	0.24231050
-263.99997179	0.26094980
-262.99997186	0.27958910
-261.99997193	0.26094980
-260.99997200	0.27958910
-259.99997207	0.26094980
-258.99997214	0.27958910
-257.99997221	0.27958910
-256.99997228	0.27958910
-255.99997235	0.27958910
-254.99997241	0.26094980
-253.99997248	0.26094980
-252.99997255	0.27958910
-251.99997262	0.27958910
-250.99997269	0.27958910
-249.99997276	0.27958910
-248.99997283	0.27958910
-247.99997290	0.27958910
-246.99997297	0.27958910
-245.99997303	0.26094980
-244.99997310	0.27958910
-243.99997317	0.27958910
-242.99997324	0.27958910
-241.99997331	0.27958910
-240.99997338	0.27958910
-239.99997345	0.27958910
-238.99997352	0.27958910
-237.99997359	0.27958910
-236.99997365	0.27958910
-235.99997372	0.27958910
-234.99997379	0.27958910
-233.99997386	0.27958910
-232.99997393	0.27958910
-231.99997400	0.27958910
-230.99997407	0.27958910
-229.99997414	0.27958910
-228.99997421	0.27958910
-227.99997428	0.27958910
-226.99997434	0.27958910
-225.99997441	0.27958910
-224.99997448	0.27958910
-223.99997455	0.27958910
-222.99997462	0.27958910
-221.99997469	0.27958910
-220.99997476	0.27958910
-219.99997483	0.29822840
-218.99997490	0.27958910
-217.99997496	0.27958910
-216.99997503	0.27958910
-215.99997510	0.27958910
-214.99997517	0.27958910
-213.99997524	0.27958910
-212.99997531	0.27958910
-211.99997538	0.27958910
-210.99997545	0.27958910
-209.99997552	0.27958910
-208.99997558	0.27958910
-207.99997565	0.29822840
-206.99997572	0.27958910
-205.99997579	0.27958910
-204.99997586	0.27958910
-203.99997593	0.27958910
-202.99997600	0.27958910
-201.99997607	0.27958910
-200.99997614	0.27958910
-199.99997620	0.27958910
-198.99997627	0.27958910
-197.99997634	0.27958910
-196.99997641	0.27958910
-195.99997648	0.29822840
-194.99997655	0.27958910
-193.99997662	0.27958910
-192.99997669	0.27958910
-191.99997676	0.27958910
-190.99997682	0.29822840
-189.99997689	0.27958910
-188.99997696	0.24231050
-187.99997703	0.27958910
-186.99997710	0.27958910
-185.99997717	0.27958910
-184.99997724	0.27958910
-183.99997731	0.27958910
-182.99997738	0.29822840
-181.99997745	0.27958910
-180.99997751	0.27958910
-179.99997758	0.27958910
-178.99997765	0.27958910
-177.99997772	0.29822840
-176.99997779	0.29822840
-175.99997786	0.27958910
-174.99997793	0.27958910
-173.99997800	0.29822840
-172.99997807	0.29822840
-171.99997813	0.27958910
-170.99997820	0.29822840
-169.99997827	0.29822840
-168.99997834	0.29822840
-167.99997841	0.27958910
-166.99997848	0.27958910
-165.99997855	0.29822840
-164.99997862	0.27958910
-163.99997869	0.29822840
-162.99997875	0.29822840
-161.99997882	0.29822840
-160.99997889	0.29822840
-159.99997896	0.29822840
-158.99997903	0.29822840
-157.99997910	0.29822840
-156.99997917	0.29822840
-155.99997924	0.29822840
-154.99997931	0.29822840
-153.99997937	0.29822840
-152.99997944	0.29822840
-151.99997951	0.29822840
-150.99997958	0.29822840
-149.99997965	0.29822840
-148.99997972	0.29822840
-147.99997979	0.29822840
-146.99997986	0.29822840
-145.99997993	0.29822840
-144.99998000	0.29822840
-143.99998006	0.29822840
-142.99998013	0.29822840
-141.99998020	0.29822840
-140.99998027	0.29822840
-139.99998034	0.29822840
-138.99998041	0.29822840
-137.99998048	0.29822840
-136.99998055	0.29822840
-135.99998062	0.31686760
-134.99998068	0.29822840
-133.99998075	0.31686760
-132.99998082	0.29822840
-131.99998089	0.29822840
-130.99998096	0.29822840
-129.99998103	0.31686760
-128.99998110	0.29822840
-127.99998117	0.29822840
-126.99998124	0.29822840
-125.99998130	0.29822840
-124.99998137	0.31686760
-123.99998144	0.29822840
-122.99998151	0.31686760
-121.99998158	0.29822840
-120.99998165	0.29822840
-119.99998172	0.31686760
-118.99998179	0.31686760
-117.99998186	0.31686760
-116.99998192	0.31686760
-115.99998199	0.31686760
-114.99998206	0.31686760
-113.99998213	0.31686760
-112.99998220	0.31686760
-111.99998227	0.29822840
-110.99998234	0.31686760
-109.99998241	0.33550690
-108.99998248	0.31686760
-107.99998255	0.31686760
-106.99998261	0.31686760
-105.99998268	0.31686760
-104.99998275	0.31686760
-103.99998282	0.31686760
-102.99998289	0.31686760
-101.99998296	0.31686760
-100.99998303	0.31686760
-99.99998310	0.31686760
-98.99998317	0.31686760
-97.99998323	0.31686760
-96.99998330	0.31686760
-95.99998337	0.31686760
-94.99998344	0.31686760
-93.99998351	0.31686760
-92.99998358	0.31686760
-91.99998365	0.31686760
-90.99998372	0.31686760
-89.99998379	0.31686760
-88.99998385	0.31686760
-87.99998392	0.33550690
-86.99998399	0.31686760
-85.99998406	0.31686760
-84.99998413	0.31686760
-83.99998420	0.31686760
-82.99998427	0.31686760
-81.99998434	0.31686760
-80.99998441	0.31686760
-79.99998447	0.33550690
-78.99998454	0.31686760
-77.99998461	0.31686760
-76.99998468	0.33550690
-75.99998475	0.31686760
-74.99998482	0.31686760
-73.99998489	0.33550690
-72.99998496	0.33550690
-71.99998503	0.33550690
-70.99998510	0.33550690
-69.99998516	0.33550690
-68.99998523	0.33550690
-67.99998530	0.33550690
-66.99998537	0.33550690
-65.99998544	0.33550690
-64.99998551	0.33550690
-63.99998558	0.33550690
-62.99998565	0.33550690
-61.99998572	0.35414620
-60.99998578	0.33550690
-59.99998585	0.33550690
-58.99998592	0.33550690
-57.99998599	0.33550690
-56.99998606	0.33550690
-55.99998613	0.33550690
-54.99998620	0.33550690
-53.99998627	0.33550690
-52.99998634	0.33550690
-51.99998640	0.35414620
-50.99998647	0.33550690
-49.99998654	0.33550690
-48.99998661	0.33550690
-47.99998668	0.35414620
-46.99998675	0.35414620
-45.99998682	0.35414620
-44.99998689	0.35414620
-43.99998696	0.35414620
-42.99998702	0.33550690
-41.99998709	0.35414620
-40.99998716	0.35414620
-39.99998723	0.33550690
-38.99998730	0.35414620
-37.99998737	0.35414620
-36.99998744	0.35414620
-35.99998751	0.35414620
-34.99998758	0.35414620
-33.99998765	0.35414620
-32.99998771	0.35414620
-31.99998778	0.31686760
-30.99998785	0.35414620
-29.99998792	0.35414620
-28.99998799	0.35414620
-27.99998806	0.35414620
-26.99998813	0.35414620
-25.99998820	0.35414620
-24.99998827	0.35414620
-23.99998833	0.37278540
-22.99998840	0.35414620
-21.99998847	0.35414620
-20.99998854	0.35414620
-19.99998861	0.37278540
-18.99998868	0.35414620
-17.99998875	0.37278540
-16.99998882	0.37278540
-15.99998889	0.35414620
-14.99998895	0.35414620
-13.99998902	0.35414620
-12.99998909	0.37278540
-11.99998916	0.37278540
-10.99998923	0.37278540
-9.99998930	0.37278540
-8.99998937	0.37278540
-7.99998944	0.37278540
-6.99998951	0.37278540
-5.99998957	0.37278540
-4.99998964	0.37278540
-3.99998971	0.37278540
-2.99998978	0.37278540
-1.99998985	0.37278540
-0.99998992	0.37278540
0.00001001	0.39142470
1.00000994	0.37278540
2.00000987	0.37278540
3.00000980	0.37278540
4.00000974	0.37278540
5.00000967	0.37278540
6.00000960	0.37278540
7.00000953	0.37278540
8.00000946	0.39142470
9.00000939	0.39142470
10.00000932	0.39142470
11.00000925	0.39142470
12.00000918	0.39142470
13.00000912	0.37278540
14.00000905	0.39142470
15.00000898	0.39142470
16.00000891	0.39142470
17.00000884	0.37278540
18.00000877	0.39142470
19.00000870	0.39142470
20.00000863	0.39142470
21.00000856	0.39142470
22.00000850	0.39142470
23.00000843	0.39142470
24.00000836	0.39142470
25.00000829	0.39142470
26.00000822	0.39142470
27.00000815	0.39142470
28.00000808	0.39142470
29.00000801	0.41006400
30.00000794	0.41006400
31.00000788	0.41006400
32.00000781	0.39142470
33.00000774	0.39142470
34.00000767	0.41006400
35.00000760	0.39142470
36.00000753	0.41006400
37.00000746	0.41006400
38.00000739	0.41006400
39.00000732	0.41006400
40.00000726	0.41006400
41.00000719	0.41006400
42.00000712	0.41006400
43.00000705	0.41006400
44.00000698	0.41006400
45.00000691	0.39142470
46.00000684	0.41006400
47.00000677	0.41006400
48.00000670	0.41006400
49.00000663	0.41006400
50.00000657	0.41006400
51.00000650	0.42870320
52.00000643	0.41006400
53.00000636	0.42870320
54.00000629	0.41006400
55.00000622	0.41006400
56.00000615	0.42870320
57.00000608	0.41006400
58.00000601	0.42870320
59.00000595	0.42870320
60.00000588	0.42870320
61.00000581	0.42870320
62.00000574	0.42870320
63.00000567	0.42870320
64.00000560	0.42870320
65.00000553	0.42870320
66.00000546	0.42870320
67.00000539	0.42870320
68.00000533	0.42870320
69.00000526	0.44734250
70.00000519	0.42870320
71.00000512	0.44734250
72.00000505	0.42870320
73.00000498	0.42870320
74.00000491	0.42870320
75.00000484	0.42870320
76.00000477	0.44734250
77.00000471	0.42870320
78.00000464	0.44734250
79.00000457	0.44734250
80.00000450	0.44734250
81.00000443	0.44734250
82.00000436	0.44734250
83.00000429	0.44734250
84.00000422	0.42870320
85.00000415	0.44734250
86.00000408	0.44734250
87.00000402	0.44734250
88.00000395	0.44734250
89.00000388	0.44734250
90.00000381	0.46598180
91.00000374	0.44734250
92.00000367	0.44734250
93.00000360	0.44734250
94.00000353	0.44734250
95.00000346	0.46598180
96.00000340	0.44734250
97.00000333	0.46598180
98.00000326	0.46598180
99.00000319	0.46598180
100.00000312	0.48462100
101.00000305	0.46598180
102.00000298	0.46598180
103.00000291	0.46598180
104.00000284	0.46598180
105.00000278	0.46598180
106.00000271	0.46598180
107.00000264	0.46598180
108.00000257	0.46598180
109.00000250	0.46598180
110.00000243	0.46598180
111.00000236	0.46598180
112.00000229	0.48462100
113.00000222	0.48462100
114.00000216	0.48462100
115.00000209	0.48462100
116.00000202	0.46598180
117.00000195	0.48462100
118.00000188	0.48462100
119.00000181	0.48462100
120.00000174	0.48462100
121.00000167	0.48462100
122.00000160	0.48462100
123.00000153	0.48462100
124.00000147	0.48462100
125.00000140	0.50326030
126.00000133	0.46598180
127.00000126	0.48462100
128.00000119	0.48462100
129.00000112	0.48462100
130.00000105	0.50326030
131.00000098	0.48462100
132.00000091	0.48462100
133.00000085	0.48462100
134.00000078	0.50326030
135.00000071	0.48462100
136.00000064	0.50326030
137.00000057	0.50326030
138.00000050	0.50326030
139.00000043	0.50326030
140.00000036	0.50326030
141.00000029	0.52189960
142.00000023	0.50326030
143.00000016	0.50326030
144.00000009	0.50326030
145.00000002	0.50326030
145.99999995	0.50326030
146.99999988	0.50326030
147.99999981	0.52189960
148.99999974	0.50326030
149.99999967	0.52189960
150.99999961	0.50326030
151.99999954	0.52189960
152.99999947	0.52189960
153.99999940	0.50326030
154.99999933	0.50326030
155.99999926	0.52189960
156.99999919	0.52189960
157.99999912	0.52189960
158.99999905	0.52189960
159.99999898	0.52189960
160.99999892	0.52189960
161.99999885	0.52189960
162.99999878	0.52189960
163.99999871	0.52189960
164.99999864	0.54053880
165.99999857	0.52189960
166.99999850	0.54053880
167.99999843	0.54053880
168.99999836	0.54053880
169.99999830	0.54053880
170.99999823	0.54053880
171.99999816	0.54053880
172.99999809	0.54053880
173.99999802	0.54053880
174.99999795	0.54053880
175.99999788	0.54053880
176.99999781	0.54053880
177.99999774	0.54053880
178.99999768	0.54053880
179.99999761	0.55917820
180.99999754	0.54053880
181.99999747	0.55917820
182.99999740	0.55917820
183.99999733	0.55917820
184.99999726	0.55917820
185.99999719	0.55917820
186.99999712	0.55917820
187.99999706	0.55917820
188.99999699	0.55917820
189.99999692	0.55917820
190.99999685	0.55917820
191.99999678	0.55917820
192.99999671	0.55917820
193.99999664	0.57781740
194.99999657	0.55917820
195.99999650	0.55917820
196.99999643	0.57781740
197.99999637	0.57781740
198.99999630	0.57781740
199.99999623	0.57781740
200.99999616	0.57781740
201.99999609	0.57781740
202.99999602	0.57781740
203.99999595	0.57781740
204.99999588	0.57781740
205.99999581	0.57781740
206.99999575	0.59645670
207.99999568	0.57781740
208.99999561	0.57781740
209.99999554	0.61509600
210.99999547	0.57781740
211.99999540	0.59645670
212.99999533	0.57781740
213.99999526	0.59645670
214.99999519	0.59645670
215.99999513	0.59645670
216.99999506	0.59645670
217.99999499	0.59645670
218.99999492	0.59645670
219.99999485	0.59645670
220.99999478	0.59645670
221.99999471	0.59645670
222.99999464	0.59645670
223.99999457	0.59645670
224.99999451	0.59645670
225.99999444	0.59645670
226.99999437	0.59645670
227.99999430	0.61509600
228.99999423	0.61509600
229.99999416	0.61509600
230.99999409	0.57781740
231.99999402	0.61509600
232.99999395	0.61509600
233.99999388	0.61509600
234.99999382	0.61509600
235.99999375	0.61509600
236.99999368	0.61509600
237.99999361	0.61509600
238.99999354	0.63373520
239.99999347	0.61509600
240.99999340	0.61509600
241.99999333	0.63373520
242.99999326	0.63373520
243.99999320	0.59645670
244.99999313	0.63373520
245.99999306	0.63373520
246.99999299	0.63373520
247.99999292	0.63373520
248.99999285	0.63373520
249.99999278	0.63373520
250.99999271	0.63373520
251.99999264	0.63373520
252.99999258	0.63373520
253.99999251	0.65237450
254.99999244	0.65237450
255.99999237	0.65237450
256.99999230	0.65237450
257.99999223	0.65237450
258.99999216	0.65237450
259.99999209	0.65237450
260.99999202	0.65237450
261.99999196	0.65237450
262.99999189	0.65237450
263.99999182	0.65237450
264.99999175	0.63373520
265.99999168	0.65237450
266.99999161	0.65237450
267.99999154	0.65237450
268.99999147	0.65237450
269.99999140	0.67101380
270.99999133	0.67101380
271.99999127	0.65237450
272.99999120	0.67101380
273.99999113	0.67101380
274.99999106	0.67101380
275.99999099	0.67101380
276.99999092	0.67101380
277.99999085	0.67101380
278.99999078	0.67101380
279.99999071	0.67101380
280.99999065	0.67101380
281.99999058	0.68965300
282.99999051	0.68965300
283.99999044	0.68965300
284.99999037	0.68965300
285.99999030	0.68965300
286.99999023	0.68965300
287.99999016	0.68965300
288.99999009	0.74557080
289.99999003	0.68965300
290.99998996	0.68965300
291.99998989	0.70829230
292.99998982	0.70829230
293.99998975	0.68965300
294.99998968	0.70829230
295.99998961	0.70829230
296.99998954	0.70829230
297.99998947	0.70829230
298.99998941	0.70829230
299.99998934	0.70829230
300.99998927	0.70829230
301.99998920	0.70829230
302.99998913	0.72693160
303.99998906	0.70829230
304.99998899	0.70829230
305.99998892	0.70829230
306.99998885	0.72693160
307.99998879	0.70829230
308.99998872	0.72693160
309.99998865	0.72693160
310.99998858	0.72693160
311.99998851	0.72693160
312.99998844	0.72693160
313.99998837	0.72693160
314.99998830	0.72693160
315.99998823	0.72693160
316.99998816	0.74557080
317.99998810	0.74557080
318.99998803	0.74557080
319.99998796	0.74557080
320.99998789	0.72693160
321.99998782	0.74557080
322.99998775	0.74557080
323.99998768	0.74557080
324.99998761	0.74557080
325.99998754	0.74557080
326.99998748	0.74557080
327.99998741	0.74557080
328.99998734	0.74557080
329.99998727	0.76421020
330.99998720	0.74557080
331.99998713	0.76421020
332.99998706	0.76421020
333.99998699	0.76421020
334.99998692	0.76421020
335.99998686	0.76421020
336.99998679	0.76421020
337.99998672	0.76421020
338.99998665	0.76421020
339.99998658	0.76421020
340.99998651	0.78284940
341.99998644	0.78284940
342.99998637	0.78284940
343.99998630	0.78284940
344.99998624	0.78284940
345.99998617	0.78284940
346.99998610	0.78284940
347.99998603	0.80155020
348.99998596	0.78284940
349.99998589	0.78284940
350.99998582	0.78284940
351.99998575	0.78284940
352.99998568	0.78284940
353.99998561	0.78284940
354.99998555	0.80155020
355.99998548	0.80155020
356.99998541	0.80155020
357.99998534	0.80155020
358.99998527	0.80155020
359.99998520	0.80155020
360.99998513	0.82018950
361.99998506	0.80155020
362.99998499	0.82018950
363.99998493	0.80155020
364.99998486	0.80155020
365.99998479	0.80155020
366.99998472	0.83882870
367.99998465	0.82018950
368.99998458	0.83882870
369.99998451	0.80155020
370.99998444	0.82018950
371.99998437	0.82018950
372.99998431	0.82018950
373.99998424	0.82018950
374.99998417	0.82018950
375.99998410	0.83882870
376.99998403	0.83882870
377.99998396	0.83882870
378.99998389	0.83882870
379.99998382	0.83882870
380.99998375	0.82018950
381.99998369	0.83882870
382.99998362	0.83882870
383.99998355	0.83882870
384.99998348	0.83882870
385.99998341	0.83882870
386.99998334	0.83882870
387.99998327	0.85746800
388.99998320	0.83882870
389.99998313	0.85746800
390.99998306	0.85746800
391.99998300	0.85746800
392.99998293	0.85746800
393.99998286	0.85746800
394.99998279	0.85746800
395.99998272	0.85746800
396.99998265	0.85746800
397.99998258	0.87610730
398.99998251	0.87610730
399.99998244	0.85746800
400.99998238	0.87610730
401.99998231	0.87610730
402.99998224	0.91338580
403.99998217	0.87610730
404.99998210	0.87610730
405.99998203	0.87610730
406.99998196	0.87610730
407.99998189	0.87610730
408.99998182	0.89474650
409.99998176	0.89474650
410.99998169	0.89474650
411.99998162	0.63373520
412.99998155	0.89474650
413.99998148	0.89474650
414.99998141	0.89474650
415.99998134	0.89474650
416.99998127	0.89474650
417.99998120	0.13047490
418.99998114	0.09319635
419.99998107	0.91338580
420.99998100	0.91338580
421.99998093	0.85746800
422.99998086	0.91338580
423.99998079	-0.05591781
424.99998072	-0.13047490
425.99998065	0.91338580
426.99998058	0.93202510
427.99998051	0.93202510
428.99998045	-0.05591781
429.99998038	-0.03727854
430.99998031	0.01863927
431.99998024	0.93202510
432.99998017	0.07455709
433.99998010	0.93202510
434.99998003	0.93202510
435.99997996	0.93202510
436.99997989	0.95066430
437.99997983	-0.05591781
438.99997976	-0.05591781
439.99997969	0.95066430
440.99997962	0.95066430
441.99997955	0.95066430
442.99997948	0.95066430
443.99997941	0.95066430
444.99997934	0.95066430
445.99997927	0.95066430
446.99997921	0.95066430
447.99997914	0.96930370
448.99997907	0.96930370
449.99997900	0.95066430
450.99997893	0.96930370
451.99997886	0.96930370
452.99997879	0.96930370
453.99997872	0.96930370
454.99997865	0.96930370
455.99997859	0.96930370
456.99997852	0.96930370
457.99997845	0.09319635
458.99997838	0.96930370
459.99997831	0.98794290
460.99997824	0.98794290
461.99997817	0.98794290
462.99997810	0.98794290
463.99997803	0.98794290
464.99997796	0.98794290
465.99997790	0.98794290
466.99997783	1.00658200
467.99997776	0.98794290
468.99997769	1.00658200
469.99997762	1.00658200
470.99997755	1.02522100
471.99997748	0.00000000
472.99997741	0.01863927
473.99997734	1.00658200
474.99997728	1.02522100
475.99997721	1.00658200
476.99997714	1.00658200
477.99997707	0.54053880
478.99997700	1.02522100
479.99997693	0.09319635
480.99997686	1.02522100
481.99997679	1.02522100
482.99997672	1.02522100
483.99997666	1.02522100
484.99997659	1.02522100
485.99997652	-0.03727854
486.99997645	1.04386100
487.99997638	1.04386100
488.99997631	-0.11183560
489.99997624	0.01863927
490.99997617	0.05591781
491.99997610	0.01863927
492.99997604	0.03727854
493.99997597	0.01863927
494.99997590	0.05591781
495.99997583	0.05591781
496.99997576	-0.07455709
497.99997569	-0.07455709
498.99997562	-0.03727854
499.99997555	0.03727854
500.99997548	-0.05591781
501.99997541	-0.03727854
502.99997535	0.01863927
503.99997528	0.00000000
504.99997521	0.03727854
505.99997514	0.01863927
506.99997507	0.03727854
507.99997500	-0.01863927
508.99997493	0.00000000
509.99997486	-0.01863927
510.99997479	0.03727854
511.99997473	-0.01863927
512.99997466	-0.18639270
513.99997459	0.00000000
514.99997452	0.00000000
515.99997445	-0.01863927
516.99997438	0.03727854
517.99997431	0.09319635
518.99997424	0.00000000
519.99997417	0.01863927
520.99997411	0.05591781
521.99997404	-0.03727854
522.99997397	0.01863927
523.99997390	0.01863927
524.99997383	-0.01863927
525.99997376	0.00000000
526.99997369	-0.03727854
527.99997362	-0.16775340
528.99997355	-0.03727854
529.99997349	0.01863927
530.99997342	-0.01863927
531.99997335	-0.01863927
532.99997328	0.01863927
533.99997321	0.03727854
534.99997314	0.03727854
535.99997307	0.00000000
536.99997300	0.01863927
537.99997293	0.01863927
538.99997286	-0.03727854
539.99997280	0.03727854
540.99997273	0.05591781
541.99997266	-0.05591781
542.99997259	0.01863927
543.99997252	-0.03727854
544.99997245	-0.03727854
545.99997238	0.00000000
546.99997231	0.01863927
547.99997224	0.00000000
548.99997218	0.01863927
549.99997211	-0.01863927
550.99997204	0.00000000
551.99997197	-0.03727854
552.99997190	0.00000000
553.99997183	0.00000000
554.99997176	0.03727854
555.99997169	0.00000000
556.99997162	-0.03727854
557.99997156	0.00000000
558.99997149	0.05591781
559.99997142	0.03727854
560.99997135	0.00000000
561.99997128	0.01863927
562.99997121	0.01863927
563.99997114	0.00000000
564.99997107	0.00000000
565.99997100	0.00000000
566.99997094	-0.01863927
567.99997087	-0.05591781
568.99997080	-0.01863927
569.99997073	-0.01863927
570.99997066	-0.07455709
571.99997059	-0.01863927
572.99997052	0.00000000
573.99997045	0.00000000
574.99997038	0.00000000
575.99997032	0.03727854
576.99997025	0.03727854
577.99997018	0.01863927
578.99997011	0.03727854
579.99997004	0.01863927
580.99996997	0.00000000
581.99996990	0.00000000
582.99996983	0.03727854
583.99996976	0.00000000
584.99996969	-0.05591781
585.99996963	-0.01863927
586.99996956	-0.01863927
587.99996949	-0.01863927
588.99996942	0.00000000
589.99996935	0.00000000
590.99996928	0.00000000
591.99996921	0.00000000
592.99996914	0.01863927
593.99996907	-0.01863927
594.99996901	0.00000000
595.99996894	0.00000000
596.99996887	0.01863927
597.99996880	0.03727854
598.99996873	0.00000000
599.99996866	0.01863927
600.99996859	0.01863927
601.99996852	0.01863927
602.99996845	0.01863927
603.99996839	0.00000000
604.99996832	0.00000000
605.99996825	0.01863927
606.99996818	0.00000000
607.99996811	-0.01863927
608.99996804	-0.03727854
609.99996797	-0.03727854
610.99996790	0.00000000
611.99996783	-0.01863927
612.99996777	-0.03727854
613.99996770	0.00000000
614.99996763	0.01863927
615.99996756	0.01863927
616.99996749	0.03727854
617.99996742	0.03727854
618.99996735	0.01863927
619.99996728	0.01863927
620.99996721	0.01863927
621.99996714	0.01863927
622.99996708	0.00000000
623.99996701	-0.01863927
624.99996694	0.00000000
625.99996687	-0.01863927
626.99996680	-0.01863927
627.99996673	-0.03727854
628.99996666	-0.01863927
629.99996659	-0.01863927
630.99996652	0.00000000
631.99996646	0.00000000
632.99996639	0.00000000
633.99996632	0.01863927
634.99996625	0.01863927
635.99996618	0.00000000
636.99996611	0.00000000
637.99996604	0.00000000
638.99996597	0.01863927
639.99996590	0.01863927
640.99996584	-0.01863927
641.99996577	0.00000000
642.99996570	0.00000000
643.99996563	0.00000000
644.99996556	0.00000000
645.99996549	0.00000000
646.99996542	0.00000000
647.99996535	-0.01863927
648.99996528	0.00000000
649.99996522	-0.01863927
650.99996515	-0.01863927
651.99996508	-0.01863927
652.99996501	-0.01863927
653.99996494	0.00000000
654.99996487	-0.01863927
655.99996480	0.00000000
656.99996473	0.01863927
657.99996466	0.03727854
658.99996459	0.03727854
659.99996453	0.03727854
660.99996446	0.01863927
661.99996439	0.01863927
662.99996432	0.01863927
663.99996425	-0.01863927
664.99996418	0.00000000
665.99996411	-0.01863927
666.99996404	-0.01863927
667.99996397	-0.01863927
668.99996391	-0.01863927
669.99996384	-0.03727854
670.99996377	-0.01863927
671.99996370	0.00000000
672.99996363	0.00000000
673.99996356	0.01863927
674.99996349	0.01863927
675.99996342	0.03727854
676.99996335	0.01863927
677.99996329	0.01863927
678.99996322	0.01863927
679.99996315	0.01863927
680.99996308	0.00000000
681.99996301	0.00000000
682.99996294	0.00000000
683.99996287	-0.01863927
684.99996280	0.00000000
685.99996273	0.00000000
686.99996267	-0.01863927
687.99996260	-0.01863927
688.99996253	0.00000000
689.99996246	0.00000000
690.99996239	0.00000000
691.99996232	-0.01863927
692.99996225	-0.01863927
693.99996218	0.01863927
694.99996211	0.00000000
695.99996204	0.00000000
696.99996198	0.00000000
697.99996191	0.00000000
698.99996184	0.01863927
699.99996177	0.03727854
700.99996170	0.01863927
701.99996163	0.03727854
