-315.91665141	0.00931964
-315.41665144	0.01867003
-314.91665148	0.01867003
-314.41665151	0.23348300
-313.91665155	0.22413260
-313.41665158	0.22413260
-312.91665162	0.21481300
-312.41665165	0.22413260
-311.91665168	0.22413260
-311.41665172	0.22413260
-310.91665175	0.22413260
-310.41665179	0.22413260
-309.91665182	0.22413260
-309.41665186	0.23348300
-308.91665189	0.22413260
-308.41665193	0.23348300
-307.91665196	0.22413260
-307.41665199	0.23348300
-306.91665203	0.22413260
-306.41665206	0.23348300
-305.91665210	0.23348300
-305.41665213	0.22413260
-304.91665217	0.22413260
-304.41665220	0.22413260
-303.91665224	0.25215300
-303.41665227	0.21481300
-302.91665230	0.22413260
-302.41665234	0.19611220
-301.91665237	0.23348300
-301.41665241	0.22413260
-300.91665244	0.22413260
-300.41665248	0.22413260
-299.91665251	0.22413260
-299.41665255	0.21481300
-298.91665258	0.22413260
-298.41665261	0.22413260
-297.91665265	0.23348300
-297.41665268	0.22413260
-296.91665272	0.22413260
-296.41665275	0.22413260
-295.91665279	0.22413260
-295.41665282	0.22413260
-294.91665286	0.22413260
-294.41665289	0.22413260
-293.91665292	0.23348300
-293.41665296	0.23348300
-292.91665299	0.22413260
-292.41665303	0.22413260
-291.91665306	0.22413260
-291.41665310	0.23348300
-290.91665313	0.23348300
-290.41665317	0.20546260
-289.91665320	0.23348300
-289.41665324	0.23348300
-288.91665327	0.22413260
-288.41665330	0.23348300
-287.91665334	0.22413260
-287.41665337	0.22413260
-286.91665341	0.22413260
-286.41665344	0.22413260
-285.91665348	0.23348300
-285.41665351	0.23348300
-284.91665355	0.22413260
-284.41665358	0.22413260
-283.91665361	0.23348300
-283.41665365	0.22413260
-282.91665368	0.22413260
-282.41665372	0.22413260
-281.91665375	0.21481300
-281.41665379	0.22413260
-280.91665382	0.22413260
-280.41665386	0.22413260
-279.91665389	0.22413260
-279.41665392	0.22413260
-278.91665396	0.22413260
-278.41665399	0.22413260
-277.91665403	0.22413260
-277.41665406	0.23348300
-276.91665410	0.22413260
-276.41665413	0.22413260
-275.91665417	0.23348300
-275.41665420	0.23348300
-274.91665423	0.23348300
-274.41665427	0.22413260
-273.91665430	0.21481300
-273.41665434	0.22413260
-272.91665437	0.22413260
-272.41665441	0.22413260
-271.91665444	0.23348300
-271.41665448	0.22413260
-270.91665451	0.23348300
-270.41665454	0.22413260
-269.91665458	0.23348300
-269.41665461	0.23348300
-268.91665465	0.22413260
-268.41665468	0.23348300
-267.91665472	0.22413260
-267.41665475	0.23348300
-266.91665479	0.21481300
-266.41665482	0.22413260
-265.91665485	0.22413260
-265.41665489	0.22413260
-264.91665492	0.22413260
-264.41665496	0.23348300
-263.91665499	0.22413260
-263.41665503	0.22413260
-262.91665506	0.22413260
-262.41665510	0.23348300
-261.91665513	0.23348300
-261.41665516	0.23348300
-260.91665520	0.20546260
-260.41665523	0.22413260
-259.91665527	0.23348300
-259.41665530	0.23348300
-258.91665534	0.23348300
-258.41665537	0.23348300
-257.91665541	0.22413260
-257.41665544	0.23348300
-256.91665547	0.23348300
-256.41665551	0.22413260
-255.91665554	0.22413260
-255.41665558	0.23348300
-254.91665561	0.22413260
-254.41665565	0.23348300
-253.91665568	0.23348300
-253.41665572	0.23348300
-252.91665575	0.23348300
-252.41665579	0.22413260
-251.91665582	0.22413260
-251.41665585	0.22413260
-250.91665589	0.23348300
-250.41665592	0.22413260
-249.91665596	0.22413260
-249.41665599	0.23348300
-248.91665603	0.22413260
-248.41665606	0.22413260
-247.91665610	0.22413260
-247.41665613	0.22413260
-246.91665616	0.24283340
-246.41665620	0.22413260
-245.91665623	0.22413260
-245.41665627	0.22413260
-244.91665630	0.22413260
-244.41665634	0.22413260
-243.91665637	0.23348300
-243.41665641	0.22413260
-242.91665644	0.23348300
-242.41665647	0.23348300
-241.91665651	0.22413260
-241.41665654	0.23348300
-240.91665658	0.23348300
-240.41665661	0.22413260
-239.91665665	0.22413260
-239.41665668	0.23348300
-238.91665672	0.23348300
-238.41665675	0.28017350
-237.91665678	0.23348300
-237.41665682	0.22413260
-236.91665685	0.22413260
-236.41665689	0.23348300
-235.91665692	0.23348300
-235.41665696	0.21481300
-234.91665699	0.22413260
-234.41665703	0.25215300
-233.91665706	0.22413260
-233.41665709	0.23348300
-232.91665713	0.22413260
-232.41665716	0.23348300
-231.91665720	0.22413260
-231.41665723	0.20546260
-230.91665727	0.22413260
-230.41665730	0.23348300
-229.91665734	0.22413260
-229.41665737	0.22413260
-228.91665740	0.22413260
-228.41665744	0.22413260
-227.91665747	0.22413260
-227.41665751	0.22413260
-226.91665754	0.22413260
-226.41665758	0.23348300
-225.91665761	0.23348300
-225.41665765	0.22413260
-224.91665768	0.22413260
-224.41665771	0.21481300
-223.91665775	0.23348300
-223.41665778	0.22413260
-222.91665782	0.23348300
-222.41665785	0.23348300
-221.91665789	0.23348300
-221.41665792	0.22413260
-220.91665796	0.23348300
-220.41665799	0.22413260
-219.91665802	0.24283340
-219.41665806	0.23348300
-218.91665809	0.22413260
-218.41665813	0.23348300
-217.91665816	0.23348300
-217.41665820	0.23348300
-216.91665823	0.22413260
-216.41665827	0.23348300
-215.91665830	0.24283340
-215.41665834	0.23348300
-214.91665837	0.23348300
-214.41665840	0.22413260
-213.91665844	0.23348300
-213.41665847	0.22413260
-212.91665851	0.23348300
-212.41665854	0.23348300
-211.91665858	0.23348300
-211.41665861	0.23348300
-210.91665865	0.23348300
-210.41665868	0.23348300
-209.91665871	0.22413260
-209.41665875	0.23348300
-208.91665878	0.23348300
-208.41665882	0.22413260
-207.91665885	0.23348300
-207.41665889	0.23348300
-206.91665892	0.23348300
-206.41665896	0.21481300
-205.91665899	0.22413260
-205.41665902	0.23348300
-204.91665906	0.23348300
-204.41665909	0.23348300
-203.91665913	0.22413260
-203.41665916	0.23348300
-202.91665920	0.23348300
-202.41665923	0.23348300
-201.91665927	0.23348300
-201.41665930	0.22413260
-200.91665933	0.22413260
-200.41665937	0.23348300
-199.91665940	0.23348300
-199.41665944	0.23348300
-198.91665947	0.23348300
-198.41665951	0.23348300
-197.91665954	0.23348300
-197.41665958	0.23348300
-196.91665961	0.23348300
-196.41665964	0.23348300
-195.91665968	0.23348300
-195.41665971	0.22413260
-194.91665975	0.23348300
-194.41665978	0.22413260
-193.91665982	0.23348300
-193.41665985	0.22413260
-192.91665989	0.23348300
-192.41665992	0.23348300
-191.91665995	0.23348300
-191.41665999	0.23348300
-190.91666002	0.23348300
-190.41666006	0.23348300
-189.91666009	0.22413260
-189.41666013	0.23348300
-188.91666016	0.23348300
-188.41666020	0.23348300
-187.91666023	0.23348300
-187.41666026	0.22413260
-186.91666030	0.22413260
-186.41666033	0.23348300
-185.91666037	0.23348300
-185.41666040	0.23348300
-184.91666044	0.23348300
-184.41666047	0.23348300
-183.91666051	0.23348300
-183.41666054	0.23348300
-182.91666057	0.23348300
-182.41666061	0.23348300
-181.91666064	0.23348300
-181.41666068	0.23348300
-180.91666071	0.23348300
-180.41666075	0.23348300
-179.91666078	0.23348300
-179.41666082	0.22413260
-178.91666085	0.23348300
-178.41666088	0.21481300
-177.91666092	0.23348300
-177.41666095	0.24283340
-176.91666099	0.22413260
-176.41666102	0.23348300
-175.91666106	0.23348300
-175.41666109	0.23348300
-174.91666113	0.22413260
-174.41666116	0.23348300
-173.91666120	0.23348300
-173.41666123	0.23348300
-172.91666126	0.23348300
-172.41666130	0.23348300
-171.91666133	0.22413260
-171.41666137	0.24283340
-170.91666140	0.23348300
-170.41666144	0.24283340
-169.91666147	0.23348300
-169.41666151	0.23348300
-168.91666154	0.23348300
-168.41666157	0.23348300
-167.91666161	0.23348300
-167.41666164	0.23348300
-166.91666168	0.24283340
-166.41666171	0.23348300
-165.91666175	0.24283340
-165.41666178	0.24283340
-164.91666182	0.18679260
-164.41666185	0.23348300
-163.91666188	0.23348300
-163.41666192	0.24283340
-162.91666195	0.23348300
-162.41666199	0.23348300
-161.91666202	0.24283340
-161.41666206	0.23348300
-160.91666209	0.24283340
-160.41666213	0.23348300
-159.91666216	0.23348300
-159.41666219	0.23348300
-158.91666223	0.23348300
-158.41666226	0.22413260
-157.91666230	0.24283340
-157.41666233	0.23348300
-156.91666237	0.24283340
-156.41666240	0.24283340
-155.91666244	0.23348300
-155.41666247	0.23348300
-154.91666250	0.21481300
-154.41666254	0.23348300
-153.91666257	0.23348300
-153.41666261	0.23348300
-152.91666264	0.23348300
-152.41666268	0.23348300
-151.91666271	0.23348300
-151.41666275	0.22413260
-150.91666278	0.24283340
-150.41666281	0.24283340
-149.91666285	0.23348300
-149.41666288	0.24283340
-148.91666292	0.24283340
-148.41666295	0.23348300
-147.91666299	0.24283340
-147.41666302	0.24283340
-146.91666306	0.23348300
-146.41666309	0.23348300
-145.91666312	0.23348300
-145.41666316	0.23348300
-144.91666319	0.24283340
-144.41666323	0.23348300
-143.91666326	0.23348300
-143.41666330	0.23348300
-142.91666333	0.23348300
-142.41666337	0.24283340
-141.91666340	0.23348300
-141.41666343	0.24283340
-140.91666347	0.24283340
-140.41666350	0.24283340
-139.91666354	0.23348300
-139.41666357	0.24283340
-138.91666361	0.24283340
-138.41666364	0.24283340
-137.91666368	0.24283340
-137.41666371	0.24283340
-136.91666375	0.24283340
-136.41666378	0.24283340
-135.91666381	0.23348300
-135.41666385	0.22413260
-134.91666388	0.23348300
-134.41666392	0.24283340
-133.91666395	0.24283340
-133.41666399	0.23348300
-132.91666402	0.24283340
-132.41666406	0.24283340
-131.91666409	0.24283340
-131.41666412	0.23348300
-130.91666416	0.24283340
-130.41666419	0.23348300
-129.91666423	0.24283340
-129.41666426	0.24283340
-128.91666430	0.23348300
-128.41666433	0.24283340
-127.91666437	0.24283340
-127.41666440	0.24283340
-126.91666443	0.24283340
-126.41666447	0.20546260
-125.91666450	0.24283340
-125.41666454	0.24283340
-124.91666457	0.24283340
-124.41666461	0.23348300
-123.91666464	0.24283340
-123.41666468	0.24283340
-122.91666471	0.24283340
-122.41666474	0.24283340
-121.91666478	0.23348300
-121.41666481	0.24283340
-120.91666485	0.25215300
-120.41666488	0.23348300
-119.91666492	0.24283340
-119.41666495	0.24283340
-118.91666499	0.23348300
-118.41666502	0.25215300
-117.91666505	0.24283340
-117.41666509	0.24283340
-116.91666512	0.24283340
-116.41666516	0.24283340
-115.91666519	0.24283340
-115.41666523	0.24283340
-114.91666526	0.24283340
-114.41666530	0.24283340
-113.91666533	0.24283340
-113.41666536	0.25215300
-112.91666540	0.24283340
-112.41666543	0.25215300
-111.91666547	0.26150350
-111.41666550	0.25215300
-110.91666554	0.24283340
-110.41666557	0.25215300
-109.91666561	0.22413260
-109.41666564	0.24283340
-108.91666567	0.24283340
-108.41666571	0.24283340
-107.91666574	0.24283340
-107.41666578	0.25215300
-106.91666581	0.25215300
-106.41666585	0.27085380
-105.91666588	0.25215300
-105.41666592	0.24283340
-104.91666595	0.24283340
-104.41666598	0.24283340
-103.91666602	0.24283340
-103.41666605	0.25215300
-102.91666609	0.24283340
-102.41666612	0.24283340
-101.91666616	0.24283340
-101.41666619	0.24283340
-100.91666623	0.25215300
-100.41666626	0.24283340
-99.91666630	0.24283340
-99.41666633	0.25215300
-98.91666636	0.25215300
-98.41666640	0.24283340
-97.91666643	0.24283340
-97.41666647	0.25215300
-96.91666650	0.25215300
-96.41666654	0.24283340
-95.91666657	0.25215300
-95.41666661	0.24283340
-94.91666664	0.27085380
-94.41666667	0.26150350
-93.91666671	0.25215300
-93.41666674	0.27085380
-92.91666678	0.24283340
-92.41666681	0.25215300
-91.91666685	0.26150350
-91.41666688	0.25215300
-90.91666692	0.25215300
-90.41666695	0.25215300
-89.91666698	0.25215300
-89.41666702	0.25215300
-88.91666705	0.25215300
-88.41666709	0.25215300
-87.91666712	0.25215300
-87.41666716	0.25215300
-86.91666719	0.25215300
-86.41666723	0.25215300
-85.91666726	0.24283340
-85.41666729	0.25215300
-84.91666733	0.26150350
-84.41666736	0.26150350
-83.91666740	0.24283340
-83.41666743	0.24283340
-82.91666747	0.25215300
-82.41666750	0.25215300
-81.91666754	0.25215300
-81.41666757	0.25215300
-80.91666760	0.26150350
-80.41666764	0.25215300
-79.91666767	0.25215300
-79.41666771	0.25215300
-78.91666774	0.25215300
-78.41666778	0.25215300
-77.91666781	0.26150350
-77.41666785	0.25215300
-76.91666788	0.25215300
-76.41666791	0.25215300
-75.91666795	0.25215300
-75.41666798	0.25215300
-74.91666802	0.25215300
-74.41666805	0.26150350
-73.91666809	0.26150350
-73.41666812	0.26150350
-72.91666816	0.26150350
-72.41666819	0.25215300
-71.91666822	0.20546260
-71.41666826	0.26150350
-70.91666829	0.25215300
-70.41666833	0.25215300
-69.91666836	0.25215300
-69.41666840	0.25215300
-68.91666843	0.26150350
-68.41666847	0.26150350
-67.91666850	0.25215300
-67.41666853	0.26150350
-66.91666857	0.25215300
-66.41666860	0.25215300
-65.91666864	0.26150350
-65.41666867	0.25215300
-64.91666871	0.27085380
-64.41666874	0.26150350
-63.91666878	0.25215300
-63.41666881	0.25215300
-62.91666884	0.26150350
-62.41666888	0.26150350
-61.91666891	0.25215300
-61.41666895	0.26150350
-60.91666898	0.26150350
-60.41666902	0.26150350
-59.91666905	0.26150350
-59.41666909	0.26150350
-58.91666912	0.25215300
-58.41666916	0.26150350
-57.91666919	0.26150350
-57.41666922	0.25215300
-56.91666926	0.26150350
-56.41666929	0.26150350
-55.91666933	0.26150350
-55.41666936	0.26150350
-54.91666940	0.27085380
-54.41666943	0.26150350
-53.91666947	0.26150350
-53.41666950	0.26150350
-52.91666953	0.25215300
-52.41666957	0.26150350
-51.91666960	0.26150350
-51.41666964	0.26150350
-50.91666967	0.26150350
-50.41666971	0.26150350
-49.91666974	0.26150350
-49.41666978	0.26150350
-48.91666981	0.26150350
-48.41666984	0.27085380
-47.91666988	0.26150350
-47.41666991	0.25215300
-46.91666995	0.27085380
-46.41666998	0.26150350
-45.91667002	0.26150350
-45.41667005	0.26150350
-44.91667009	0.27085380
-44.41667012	0.26150350
-43.91667015	0.26150350
-43.41667019	0.27085380
-42.91667022	0.27085380
-42.41667026	0.26150350
-41.91667029	0.26150350
-41.41667033	0.27085380
-40.91667036	0.26150350
-40.41667040	0.26150350
-39.91667043	0.26150350
-39.41667046	0.25215300
-38.91667050	0.26150350
-38.41667053	0.26150350
-37.91667057	0.26150350
-37.41667060	0.27085380
-36.91667064	0.27085380
-36.41667067	0.26150350
-35.91667071	0.26150350
-35.41667074	0.27085380
-34.91667077	0.26150350
-34.41667081	0.27085380
-33.91667084	0.26150350
-33.41667088	0.26150350
-32.91667091	0.26150350
-32.41667095	0.26150350
-31.91667098	0.26150350
-31.41667102	0.27085380
-30.91667105	0.26150350
-30.41667108	0.26150350
-29.91667112	0.27085380
-29.41667115	0.27085380
-28.91667119	0.27085380
-28.41667122	0.27085380
-27.91667126	0.27085380
-27.41667129	0.27085380
-26.91667133	0.27085380
-26.41667136	0.26150350
-25.91667139	0.26150350
-25.41667143	0.28952390
-24.91667146	0.27085380
-24.41667150	0.27085380
-23.91667153	0.27085380
-23.41667157	0.27085380
-22.91667160	0.27085380
-22.41667164	0.27085380
-21.91667167	0.28017350
-21.41667171	0.28017350
-20.91667174	0.27085380
-20.41667177	0.28017350
-19.91667181	0.27085380
-19.41667184	0.27085380
-18.91667188	0.28017350
-18.41667191	0.27085380
-17.91667195	0.27085380
-17.41667198	0.30819390
-16.91667202	0.27085380
-16.41667205	0.27085380
-15.91667208	0.28017350
-15.41667212	0.27085380
-14.91667215	0.27085380
-14.41667219	0.27085380
-13.91667222	0.28017350
-13.41667226	0.27085380
-12.91667229	0.27085380
-12.41667233	0.28017350
-11.91667236	0.28017350
-11.41667239	0.28017350
-10.91667243	0.28017350
-10.41667246	0.28017350
-9.91667250	0.26150350
-9.41667253	0.28017350
-8.91667257	0.28017350
-8.41667260	0.28017350
-7.91667264	0.28017350
-7.41667267	0.28017350
-6.91667270	0.27085380
-6.41667274	0.28017350
-5.91667277	0.23348300
-5.41667281	0.28017350
-4.91667284	0.27085380
-4.41667288	0.28017350
-3.91667291	0.28017350
-3.41667295	0.28017350
-2.91667298	0.28017350
-2.41667301	0.28017350
-1.91667305	0.28017350
-1.41667308	0.28017350
-0.91667312	0.27085380
-0.41667315	0.28017350
0.08332681	0.33621430
0.58332678	0.28017350
1.08332674	0.28017350
1.58332671	0.27085380
2.08332668	0.28017350
2.58332664	0.28952390
3.08332661	0.28017350
3.58332657	0.28017350
4.08332654	0.30819390
4.58332650	0.28017350
5.08332647	0.28017350
5.58332643	0.28017350
6.08332640	0.28952390
6.58332637	0.28952390
7.08332633	0.28952390
7.58332630	0.28017350
8.08332626	0.28952390
8.58332623	0.29887430
9.08332619	0.28017350
9.58332616	0.28952390
10.08332612	0.28952390
10.58332609	0.28017350
11.08332606	0.28017350
11.58332602	0.28952390
12.08332599	0.28952390
12.58332595	0.28952390
13.08332592	0.28952390
13.58332588	0.28017350
14.08332585	0.28017350
14.58332581	0.28952390
15.08332578	0.28017350
15.58332574	0.28017350
16.08332571	0.28952390
16.58332568	0.28952390
17.08332564	0.28952390
17.58332561	0.28952390
18.08332557	0.28952390
18.58332554	0.28952390
19.08332550	0.28017350
19.58332547	0.28952390
20.08332543	0.28952390
20.58332540	0.28952390
21.08332537	0.28952390
21.58332533	0.28952390
22.08332530	0.28952390
22.58332526	0.28952390
23.08332523	0.28017350
23.58332519	0.30819390
24.08332516	0.28952390
24.58332512	0.29887430
25.08332509	0.28952390
25.58332506	0.23348300
26.08332502	0.29887430
26.58332499	0.28952390
27.08332495	0.28952390
27.58332492	0.29887430
28.08332488	0.29887430
28.58332485	0.28017350
29.08332481	0.30819390
29.58332478	0.29887430
30.08332475	0.28952390
30.58332471	0.28952390
31.08332468	0.30819390
31.58332464	0.28952390
32.08332461	0.29887430
32.58332457	0.29887430
33.08332454	0.29887430
33.58332450	0.29887430
34.08332447	0.28952390
34.58332444	0.29887430
35.08332440	0.29887430
35.58332437	0.29887430
36.08332433	0.29887430
36.58332430	0.29887430
37.08332426	0.28952390
37.58332423	0.29887430
38.08332419	0.29887430
38.58332416	0.28952390
39.08332413	0.29887430
39.58332409	0.29887430
40.08332406	0.35488440
40.58332402	0.28952390
41.08332399	0.29887430
41.58332395	0.29887430
42.08332392	0.29887430
42.58332388	0.29887430
43.08332385	0.29887430
43.58332382	0.28952390
44.08332378	0.30819390
44.58332375	0.30819390
45.08332371	0.29887430
45.58332368	0.29887430
46.08332364	0.29887430
46.58332361	0.30819390
47.08332357	0.28952390
47.58332354	0.30819390
48.08332351	0.30819390
48.58332347	0.30819390
49.08332344	0.30819390
49.58332340	0.29887430
50.08332337	0.29887430
50.58332333	0.30819390
51.08332330	0.30819390
51.58332326	0.29887430
52.08332323	0.30819390
52.58332319	0.30819390
53.08332316	0.29887430
53.58332313	0.30819390
54.08332309	0.30819390
54.58332306	0.30819390
55.08332302	0.30819390
55.58332299	0.30819390
56.08332295	0.30819390
56.58332292	0.30819390
57.08332288	0.29887430
57.58332285	0.30819390
58.08332282	0.30819390
58.58332278	0.30819390
59.08332275	0.30819390
59.58332271	0.30819390
60.08332268	0.31754430
60.58332264	0.30819390
61.08332261	0.30819390
61.58332257	0.30819390
62.08332254	0.31754430
62.58332251	0.30819390
63.08332247	0.30819390
63.58332244	0.31754430
64.08332240	0.30819390
64.58332237	0.30819390
65.08332233	0.30819390
65.58332230	0.31754430
66.08332226	0.30819390
66.58332223	0.30819390
67.08332220	0.30819390
67.58332216	0.31754430
68.08332213	0.30819390
68.58332209	0.32686390
69.08332206	0.30819390
69.58332202	0.31754430
70.08332199	0.32686390
70.58332195	0.33621430
71.08332192	0.31754430
71.58332189	0.31754430
72.08332185	0.31754430
72.58332182	0.28017350
73.08332178	0.31754430
73.58332175	0.31754430
74.08332171	0.31754430
74.58332168	0.31754430
75.08332164	0.31754430
75.58332161	0.31754430
76.08332158	0.31754430
76.58332154	0.31754430
77.08332151	0.31754430
77.58332147	0.31754430
78.08332144	0.31754430
78.58332140	0.31754430
79.08332137	0.31754430
79.58332133	0.31754430
80.08332130	0.31754430
80.58332127	0.31754430
81.08332123	0.31754430
81.58332120	0.31754430
82.08332116	0.32686390
82.58332113	0.31754430
83.08332109	0.32686390
83.58332106	0.31754430
84.08332102	0.31754430
84.58332099	0.31754430
85.08332096	0.31754430
85.58332092	0.31754430
86.08332089	0.31754430
86.58332085	0.35488440
87.08332082	0.32686390
87.58332078	0.32686390
88.08332075	0.28952390
88.58332071	0.32686390
89.08332068	0.31754430
89.58332065	0.32686390
90.08332061	0.32686390
90.58332058	0.32686390
91.08332054	0.33621430
91.58332051	0.32686390
92.08332047	0.32686390
92.58332044	0.32686390
93.08332040	0.32686390
93.58332037	0.32686390
94.08332033	0.31754430
94.58332030	0.31754430
95.08332027	0.29887430
95.58332023	0.32686390
96.08332020	0.32686390
96.58332016	0.32686390
97.08332013	0.33621430
97.58332009	0.32686390
98.08332006	0.33621430
98.58332002	0.33621430
99.08331999	0.32686390
99.58331996	0.32686390
100.08331992	0.35488440
100.58331989	0.33621430
101.08331985	0.33621430
101.58331982	0.32686390
102.08331978	0.33621430
102.58331975	0.33621430
103.08331971	0.32686390
103.58331968	0.36423470
104.08331965	0.33621430
104.58331961	0.33621430
105.08331958	0.33621430
105.58331954	0.33621430
106.08331951	0.34556470
106.58331947	0.32686390
107.08331944	0.33621430
107.58331940	0.33621430
108.08331937	0.33621430
108.58331934	0.33621430
109.08331930	0.33621430
109.58331927	0.33621430
110.08331923	0.33621430
110.58331920	0.32686390
111.08331916	0.33621430
111.58331913	0.33621430
112.08331909	0.33621430
112.58331906	0.33621430
113.08331903	0.34556470
113.58331899	0.33621430
114.08331896	0.34556470
114.58331892	0.34556470
115.08331889	0.33621430
115.58331885	0.33621430
116.08331882	0.33621430
116.58331878	0.33621430
117.08331875	0.33621430
117.58331872	0.33621430
118.08331868	0.34556470
118.58331865	0.35488440
119.08331861	0.34556470
119.58331858	0.34556470
120.08331854	0.34556470
120.58331851	0.33621430
121.08331847	0.34556470
121.58331844	0.33621430
122.08331841	0.34556470
122.58331837	0.35488440
123.08331834	0.34556470
123.58331830	0.33621430
124.08331827	0.34556470
124.58331823	0.34556470
125.08331820	0.34556470
125.58331816	0.36423470
126.08331813	0.34556470
126.58331810	0.34556470
127.08331806	0.34556470
127.58331803	0.35488440
128.08331799	0.35488440
128.58331796	0.35488440
129.08331792	0.33621430
129.58331789	0.34556470
130.08331785	0.35488440
130.58331782	0.34556470
131.08331778	0.34556470
131.58331775	0.34556470
132.08331772	0.40160550
132.58331768	0.36423470
133.08331765	0.35488440
133.58331761	0.34556470
134.08331758	0.34556470
134.58331754	0.34556470
135.08331751	0.35488440
135.58331747	0.34556470
136.08331744	0.35488440
136.58331741	0.34556470
137.08331737	0.35488440
137.58331734	0.35488440
138.08331730	0.35488440
138.58331727	0.35488440
139.08331723	0.36423470
139.58331720	0.35488440
140.08331716	0.35488440
140.58331713	0.36423470
141.08331710	0.35488440
141.58331706	0.35488440
142.08331703	0.35488440
142.58331699	0.36423470
143.08331696	0.36423470
143.58331692	0.36423470
144.08331689	0.35488440
144.58331685	0.35488440
145.08331682	0.36423470
145.58331679	0.35488440
146.08331675	0.35488440
146.58331672	0.36423470
147.08331668	0.36423470
147.58331665	0.35488440
148.08331661	0.35488440
148.58331658	0.36423470
149.08331654	0.36423470
149.58331651	0.36423470
150.08331648	0.36423470
150.58331644	0.36423470
151.08331641	0.36423470
151.58331637	0.36423470
152.08331634	0.37358510
152.58331630	0.36423470
153.08331627	0.35488440
153.58331623	0.36423470
154.08331620	0.36423470
154.58331617	0.36423470
155.08331613	0.36423470
155.58331610	0.36423470
156.08331606	0.36423470
156.58331603	0.36423470
157.08331599	0.36423470
157.58331596	0.36423470
158.08331592	0.36423470
158.58331589	0.37358510
159.08331586	0.36423470
159.58331582	0.36423470
160.08331579	0.36423470
160.58331575	0.37358510
161.08331572	0.36423470
161.58331568	0.36423470
162.08331565	0.36423470
162.58331561	0.37358510
163.08331558	0.37358510
163.58331555	0.37358510
164.08331551	0.37358510
164.58331548	0.36423470
165.08331544	0.37358510
165.58331541	0.37358510
166.08331537	0.37358510
166.58331534	0.37358510
167.08331530	0.37358510
167.58331527	0.36423470
168.08331523	0.37358510
168.58331520	0.38290480
169.08331517	0.37358510
169.58331513	0.37358510
170.08331510	0.38290480
170.58331506	0.35488440
171.08331503	0.37358510
171.58331499	0.37358510
172.08331496	0.38290480
172.58331492	0.38290480
173.08331489	0.38290480
173.58331486	0.37358510
174.08331482	0.38290480
174.58331479	0.34556470
175.08331475	0.38290480
175.58331472	0.38290480
176.08331468	0.34556470
176.58331465	0.38290480
177.08331461	0.38290480
177.58331458	0.38290480
178.08331455	0.39225520
178.58331451	0.38290480
179.08331448	0.34556470
179.58331444	0.38290480
180.08331441	0.38290480
180.58331437	0.37358510
181.08331434	0.38290480
181.58331430	0.38290480
182.08331427	0.39225520
182.58331424	0.39225520
183.08331420	0.38290480
183.58331417	0.38290480
184.08331413	0.39225520
184.58331410	0.39225520
185.08331406	0.38290480
185.58331403	0.39225520
186.08331399	0.39225520
186.58331396	0.38290480
187.08331393	0.38290480
187.58331389	0.39225520
188.08331386	0.38290480
188.58331382	0.38290480
189.08331379	0.39225520
189.58331375	0.39225520
190.08331372	0.39225520
190.58331368	0.38290480
191.08331365	0.38290480
191.58331362	0.39225520
192.08331358	0.39225520
192.58331355	0.39225520
193.08331351	0.42962600
193.58331348	0.39225520
194.08331344	0.39225520
194.58331341	0.39225520
195.08331337	0.40160550
195.58331334	0.39225520
196.08331331	0.41092520
196.58331327	0.39225520
197.08331324	0.39225520
197.58331320	0.39225520
198.08331317	0.39225520
198.58331313	0.39225520
199.08331310	0.40160550
199.58331306	0.39225520
200.08331303	0.39225520
200.58331300	0.39225520
201.08331296	0.40160550
201.58331293	0.40160550
202.08331289	0.40160550
202.58331286	0.40160550
203.08331282	0.41092520
203.58331279	0.40160550
204.08331275	0.41092520
204.58331272	0.40160550
205.08331269	0.40160550
205.58331265	0.40160550
206.08331262	0.40160550
206.58331258	0.40160550
207.08331255	0.40160550
207.58331251	0.41092520
208.08331248	0.40160550
208.58331244	0.41092520
209.08331241	0.41092520
209.58331237	0.41092520
210.08331234	0.39225520
210.58331231	0.41092520
211.08331227	0.41092520
211.58331224	0.41092520
212.08331220	0.41092520
212.58331217	0.41092520
213.08331213	0.40160550
213.58331210	0.40160550
214.08331206	0.41092520
214.58331203	0.40160550
215.08331200	0.41092520
215.58331196	0.41092520
216.08331193	0.41092520
216.58331189	0.41092520
217.08331186	0.41092520
217.58331182	0.40160550
218.08331179	0.42027560
218.58331175	0.41092520
219.08331172	0.41092520
219.58331169	0.42027560
220.08331165	0.42027560
220.58331162	0.42027560
221.08331158	0.41092520
221.58331155	0.41092520
222.08331151	0.42027560
222.58331148	0.41092520
223.08331144	0.41092520
223.58331141	0.42027560
224.08331138	0.42027560
224.58331134	0.42027560
225.08331131	0.42027560
225.58331127	0.42962600
226.08331124	0.42027560
226.58331120	0.42027560
227.08331117	0.41092520
227.58331113	0.42027560
228.08331110	0.42027560
228.58331107	0.42027560
229.08331103	0.42027560
229.58331100	0.42027560
230.08331096	0.42962600
230.58331093	0.41092520
231.08331089	0.42027560
231.58331086	0.42027560
232.08331082	0.42962600
232.58331079	0.42027560
233.08331076	0.42027560
233.58331072	0.42027560
234.08331069	0.42962600
234.58331065	0.42962600
235.08331062	0.42962600
235.58331058	0.42962600
236.08331055	0.42027560
236.58331051	0.42962600
237.08331048	0.39225520
237.58331045	0.42962600
238.08331041	0.42962600
238.58331038	0.42962600
239.08331034	0.42027560
239.58331031	0.42962600
240.08331027	0.42962600
240.58331024	0.42962600
241.08331020	0.42962600
241.58331017	0.42962600
242.08331014	0.42962600
242.58331010	0.43894560
243.08331007	0.42962600
243.58331003	0.43894560
244.08331000	0.43894560
244.58330996	0.42962600
245.08330993	0.42962600
245.58330989	0.43894560
246.08330986	0.42962600
246.58330982	0.42962600
247.08330979	0.42962600
247.58330976	0.43894560
248.08330972	0.42962600
248.58330969	0.44829600
249.08330965	0.43894560
249.58330962	0.43894560
250.08330958	0.43894560
250.58330955	0.42962600
251.08330951	0.46696600
251.58330948	0.43894560
252.08330945	0.43894560
252.58330941	0.42962600
253.08330938	0.43894560
253.58330934	0.44829600
254.08330931	0.43894560
254.58330927	0.43894560
255.08330924	0.44829600
255.58330920	0.43894560
256.08330917	0.44829600
256.58330914	0.43894560
257.08330910	0.43894560
257.58330907	0.43894560
258.08330903	0.44829600
258.58330900	0.44829600
259.08330896	0.44829600
259.58330893	0.44829600
260.08330889	0.44829600
260.58330886	0.43894560
261.08330883	0.44829600
261.58330879	0.44829600
262.08330876	0.44829600
262.58330872	0.45764640
263.08330869	0.44829600
263.58330865	0.44829600
264.08330862	0.44829600
264.58330858	0.43894560
265.08330855	0.43894560
265.58330852	0.45764640
266.08330848	0.44829600
266.58330845	0.44829600
267.08330841	0.44829600
267.58330838	0.44829600
268.08330834	0.44829600
268.58330831	0.44829600
269.08330827	0.44829600
269.58330824	0.44829600
270.08330821	0.44829600
270.58330817	0.45764640
271.08330814	0.45764640
271.58330810	0.45764640
272.08330807	0.45764640
272.58330803	0.45764640
273.08330800	0.45764640
273.58330796	0.44829600
274.08330793	0.45764640
274.58330790	0.46696600
275.08330786	0.46696600
275.58330783	0.45764640
276.08330779	0.45764640
276.58330776	0.46696600
277.08330772	0.46696600
277.58330769	0.45764640
278.08330765	0.43894560
278.58330762	0.46696600
279.08330759	0.46696600
279.58330755	0.46696600
280.08330752	0.45764640
280.58330748	0.47631640
281.08330745	0.45764640
281.58330741	0.46696600
282.08330738	0.46696600
282.58330734	0.46696600
283.08330731	0.46696600
283.58330727	0.46696600
284.08330724	0.46696600
284.58330721	0.46696600
285.08330717	0.46696600
285.58330714	0.46696600
286.08330710	0.46696600
286.58330707	0.47631640
287.08330703	0.47631640
287.58330700	0.46696600
288.08330696	0.46696600
288.58330693	0.46696600
289.08330690	0.47631640
289.58330686	0.46696600
290.08330683	0.46696600
290.58330679	0.46696600
291.08330676	0.46696600
291.58330672	0.46696600
292.08330669	0.46696600
292.58330665	0.47631640
293.08330662	0.46696600
293.58330659	0.47631640
294.08330655	0.47631640
294.58330652	0.47631640
295.08330648	0.48566680
295.58330645	0.48566680
296.08330641	0.47631640
296.58330638	0.46696600
297.08330634	0.48566680
297.58330631	0.49498650
298.08330628	0.48566680
298.58330624	0.48566680
299.08330621	0.48566680
299.58330617	0.48566680
300.08330614	0.49498650
300.58330610	0.48566680
301.08330607	0.47631640
301.58330603	0.47631640
302.08330600	0.48566680
302.58330597	0.48566680
303.08330593	0.48566680
303.58330590	0.47631640
304.08330586	0.48566680
304.58330583	0.48566680
305.08330579	0.49498650
305.58330576	0.48566680
306.08330572	0.47631640
306.58330569	0.49498650
307.08330566	0.48566680
307.58330562	0.48566680
308.08330559	0.48566680
308.58330555	0.49498650
309.08330552	0.48566680
309.58330548	0.49498650
310.08330545	0.49498650
310.58330541	0.49498650
311.08330538	0.49498650
311.58330535	0.48566680
312.08330531	0.51368730
312.58330528	0.48566680
313.08330524	0.50433680
313.58330521	0.49498650
314.08330517	0.49498650
314.58330514	0.49498650
315.08330510	0.49498650
315.58330507	0.49498650
316.08330504	0.49498650
316.58330500	0.49498650
317.08330497	0.50433680
317.58330493	0.49498650
318.08330490	0.49498650
318.58330486	0.49498650
319.08330483	0.50433680
319.58330479	0.49498650
320.08330476	0.49498650
320.58330473	0.50433680
321.08330469	0.50433680
321.58330466	0.52300690
322.08330462	0.48566680
322.58330459	0.49498650
323.08330455	0.50433680
323.58330452	0.50433680
324.08330448	0.50433680
324.58330445	0.51368730
325.08330441	0.50433680
325.58330438	0.50433680
326.08330435	0.50433680
326.58330431	0.51368730
327.08330428	0.51368730
327.58330424	0.51368730
328.08330421	0.50433680
328.58330417	0.51368730
329.08330414	0.51368730
329.58330410	0.51368730
330.08330407	0.51368730
330.58330404	0.51368730
331.08330400	0.51368730
331.58330397	0.51368730
332.08330393	0.51368730
332.58330390	0.50433680
333.08330386	0.51368730
333.58330383	0.51368730
334.08330379	0.51368730
334.58330376	0.51368730
335.08330373	0.51368730
335.58330369	0.48566680
336.08330366	0.52300690
336.58330362	0.52300690
337.08330359	0.52300690
337.58330355	0.52300690
338.08330352	0.51368730
338.58330348	0.51368730
339.08330345	0.52300690
339.58330342	0.52300690
340.08330338	0.52300690
340.58330335	0.52300690
341.08330331	0.51368730
341.58330328	0.52300690
342.08330324	0.52300690
342.58330321	0.52300690
343.08330317	0.53235730
343.58330314	0.52300690
344.08330311	0.53235730
344.58330307	0.52300690
345.08330304	0.53235730
345.58330300	0.53235730
346.08330297	0.53235730
346.58330293	0.52300690
347.08330290	0.52300690
347.58330286	0.53235730
348.08330283	0.53235730
348.58330280	0.52300690
349.08330276	0.52300690
349.58330273	0.53235730
350.08330269	0.52300690
350.58330266	0.53235730
351.08330262	0.53235730
351.58330259	0.53235730
352.08330255	0.53235730
352.58330252	0.54170770
353.08330249	0.53235730
353.58330245	0.53235730
354.08330242	0.54170770
354.58330238	0.53235730
355.08330235	0.54170770
355.58330231	0.53235730
356.08330228	0.53235730
356.58330224	0.54170770
357.08330221	0.54170770
357.58330218	0.54170770
358.08330214	0.54170770
358.58330211	0.55102730
359.08330207	0.53235730
359.58330204	0.54170770
360.08330200	0.54170770
360.58330197	0.54170770
361.08330193	0.56037770
361.58330190	0.54170770
362.08330186	0.54170770
362.58330183	0.54170770
363.08330180	0.54170770
363.58330176	0.53235730
364.08330173	0.54170770
364.58330169	0.53235730
365.08330166	0.54170770
365.58330162	0.54170770
366.08330159	0.55102730
366.58330155	0.55102730
367.08330152	0.55102730
367.58330149	0.55102730
368.08330145	0.55102730
368.58330142	0.55102730
369.08330138	0.56037770
369.58330135	0.55102730
370.08330131	0.56037770
370.58330128	0.55102730
371.08330124	0.56037770
371.58330121	0.55102730
372.08330118	0.56037770
372.58330114	0.56037770
373.08330111	0.55102730
373.58330107	0.54170770
374.08330104	0.55102730
374.58330100	0.55102730
375.08330097	0.56037770
375.58330093	0.55102730
376.08330090	0.56037770
376.58330087	0.58839810
377.08330083	0.56037770
377.58330080	0.55102730
378.08330076	0.56037770
378.58330073	0.56037770
379.08330069	0.56037770
379.58330066	0.56037770
380.08330062	0.56037770
380.58330059	0.55102730
381.08330056	0.56972810
381.58330052	0.56037770
382.08330049	0.56972810
382.58330045	0.56037770
383.08330042	0.56037770
383.58330038	0.61641850
384.08330035	0.56972810
384.58330031	0.56037770
385.08330028	0.56037770
385.58330025	0.56972810
386.08330021	0.56972810
386.58330018	0.57904770
387.08330014	0.56972810
387.58330011	0.57904770
388.08330007	0.56972810
388.58330004	0.56037770
389.08330000	0.57904770
389.58329997	0.57904770
390.08329994	0.56972810
390.58329990	0.56037770
391.08329987	0.57904770
391.58329983	0.57904770
392.08329980	0.57904770
392.58329976	0.58839810
393.08329973	0.56972810
393.58329969	0.57904770
394.08329966	0.57904770
394.58329963	0.57904770
395.08329959	0.57904770
395.58329956	0.56972810
396.08329952	0.57904770
396.58329949	0.57904770
397.08329945	0.58839810
397.58329942	0.57904770
398.08329938	0.56972810
398.58329935	0.57904770
399.08329931	0.58839810
399.58329928	0.58839810
400.08329925	0.56972810
400.58329921	0.57904770
401.08329918	0.58839810
401.58329914	0.58839810
402.08329911	0.58839810
402.58329907	0.58839810
403.08329904	0.59774850
403.58329900	0.60706820
404.08329897	0.58839810
404.58329894	0.58839810
405.08329890	0.58839810
405.58329887	0.58839810
406.08329883	0.61641850
406.58329880	0.58839810
407.08329876	0.59774850
407.58329873	0.58839810
408.08329869	0.59774850
408.58329866	0.58839810
409.08329863	0.58839810
409.58329859	0.58839810
410.08329856	0.59774850
410.58329852	0.59774850
411.08329849	0.59774850
411.58329845	0.59774850
412.08329842	0.59774850
412.58329838	0.59774850
413.08329835	0.59774850
413.58329832	0.58839810
414.08329828	0.59774850
414.58329825	0.59774850
415.08329821	0.59774850
415.58329818	0.59774850
416.08329814	0.59774850
416.58329811	0.60706820
417.08329807	0.60706820
417.58329804	0.60706820
418.08329801	0.59774850
418.58329797	0.60706820
419.08329794	0.60706820
419.58329790	0.60706820
420.08329787	0.60706820
420.58329783	0.60706820
421.08329780	0.60706820
421.58329776	0.60706820
422.08329773	0.61641850
422.58329770	0.60706820
423.08329766	0.61641850
423.58329763	0.60706820
424.08329759	0.60706820
424.58329756	0.61641850
425.08329752	0.61641850
425.58329749	0.61641850
426.08329745	0.61641850
426.58329742	0.61641850
427.08329739	0.62573820
427.58329735	0.61641850
428.08329732	0.61641850
428.58329728	0.61641850
429.08329725	0.60706820
429.58329721	0.60706820
430.08329718	0.61641850
430.58329714	0.62573820
431.08329711	0.61641850
431.58329708	0.61641850
432.08329704	0.62573820
432.58329701	0.61641850
433.08329697	0.61641850
433.58329694	0.61641850
434.08329690	0.62573820
434.58329687	0.62573820
435.08329683	0.59774850
435.58329680	0.62573820
436.08329676	0.61641850
436.58329673	0.62573820
437.08329670	0.62573820
437.58329666	0.61641850
438.08329663	0.65375860
438.58329659	0.62573820
439.08329656	0.62573820
439.58329652	0.62573820
440.08329649	0.63508860
440.58329645	0.62573820
441.08329642	0.63508860
441.58329639	0.63508860
442.08329635	0.63508860
442.58329632	0.63508860
443.08329628	0.63508860
443.58329625	0.62573820
444.08329621	0.63508860
444.58329618	0.63508860
445.08329614	0.63508860
445.58329611	0.63508860
446.08329608	0.63508860
446.58329604	0.64443900
447.08329601	0.63508860
447.58329597	0.64443900
448.08329594	0.63508860
448.58329590	0.63508860
449.08329587	0.63508860
449.58329583	0.63508860
450.08329580	0.65375860
450.58329577	0.63508860
451.08329573	0.63508860
451.58329570	0.65375860
452.08329566	0.64443900
452.58329563	0.64443900
453.08329559	0.64443900
453.58329556	0.64443900
454.08329552	0.64443900
454.58329549	0.64443900
455.08329546	0.67245940
455.58329542	0.64443900
456.08329539	0.64443900
456.58329535	0.64443900
457.08329532	0.65375860
457.58329528	0.64443900
458.08329525	0.64443900
458.58329521	0.65375860
459.08329518	0.65375860
459.58329515	0.65375860
460.08329511	0.65375860
460.58329508	0.65375860
461.08329504	0.63508860
461.58329501	0.66310900
462.08329497	0.65375860
462.58329494	0.65375860
463.08329490	0.66310900
463.58329487	0.66310900
464.08329484	0.65375860
464.58329480	0.66310900
465.08329477	0.66310900
465.58329473	0.66310900
466.08329470	0.67245940
466.58329466	0.65375860
467.08329463	0.65375860
467.58329459	0.66310900
468.08329456	0.66310900
468.58329453	0.66310900
469.08329449	0.67245940
469.58329446	0.66310900
470.08329442	0.67245940
470.58329439	0.66310900
471.08329435	0.66310900
471.58329432	0.66310900
472.08329428	0.67245940
472.58329425	0.64443900
473.08329422	0.66310900
473.58329418	0.67245940
474.08329415	0.67245940
474.58329411	0.66310900
475.08329408	0.68177900
475.58329404	0.67245940
476.08329401	0.67245940
476.58329397	0.66310900
477.08329394	0.67245940
477.58329390	0.67245940
478.08329387	0.68177900
478.58329384	0.68177900
479.08329380	0.68177900
479.58329377	0.67245940
480.08329373	0.68177900
480.58329370	0.68177900
481.08329366	0.68177900
481.58329363	0.68177900
482.08329359	0.68177900
482.58329356	0.68177900
483.08329353	0.68177900
483.58329349	0.67245940
484.08329346	0.68177900
484.58329342	0.68177900
485.08329339	0.67245940
485.58329335	0.68177900
486.08329332	0.68177900
486.58329328	0.66310900
487.08329325	0.68177900
487.58329322	0.69112940
488.08329318	0.69112940
488.58329315	0.69112940
489.08329311	0.69112940
489.58329308	0.69112940
490.08329304	0.69112940
490.58329301	0.69112940
491.08329297	0.69112940
491.58329294	0.69112940
492.08329291	0.69112940
492.58329287	0.70047980
493.08329284	0.69112940
493.58329280	0.70047980
494.08329277	0.70047980
494.58329273	0.70047980
495.08329270	0.69112940
495.58329266	0.70047980
496.08329263	0.69112940
496.58329260	0.70047980
497.08329256	0.70979950
497.58329253	0.70047980
498.08329249	0.70047980
498.58329246	0.70047980
499.08329242	0.70047980
499.58329239	0.70047980
500.08329235	0.68177900
500.58329232	0.70979950
501.08329229	0.70979950
501.58329225	0.71914980
502.08329222	0.72850020
502.58329218	0.70979950
503.08329215	0.70047980
503.58329211	0.70979950
504.08329208	0.70979950
504.58329204	0.70979950
505.08329201	0.70979950
505.58329198	0.70979950
506.08329194	0.70979950
506.58329191	0.71914980
507.08329187	0.70979950
507.58329184	0.70979950
508.08329180	0.70979950
508.58329177	0.70979950
509.08329173	0.71914980
509.58329170	0.70979950
510.08329167	0.70979950
510.58329163	0.71914980
511.08329160	0.70979950
511.58329156	0.71914980
512.08329153	0.71914980
512.58329149	0.71914980
513.08329146	0.71914980
513.58329142	0.72850020
514.08329139	0.72850020
514.58329135	0.71914980
515.08329132	0.72850020
515.58329129	0.71914980
516.08329125	0.70979950
516.58329122	0.72850020
517.08329118	0.72850020
517.58329115	0.73781990
518.08329111	0.72850020
518.58329108	0.72850020
519.08329104	0.70979950
519.58329101	0.72850020
520.08329098	0.73781990
520.58329094	0.72850020
521.08329091	0.72850020
521.58329087	0.01867003
522.08329084	0.00931964
522.58329080	0.01867003
523.08329077	0.01867003
523.58329073	0.01867003
524.08329070	0.73781990
524.58329067	0.73781990
525.08329063	0.74717030
525.58329060	0.72850020
526.08329056	0.72850020
526.58329053	0.73781990
527.08329049	0.73781990
527.58329046	0.00931964
528.08329042	0.74717030
528.58329039	0.74717030
529.08329036	0.73781990
529.58329032	0.73781990
530.08329029	0.74717030
530.58329025	0.74717030
531.08329022	0.74717030
531.58329018	0.74717030
532.08329015	0.74717030
532.58329011	0.75652070
533.08329008	0.77519070
533.58329005	0.73781990
534.08329001	0.75652070
534.58328998	0.74717030
535.08328994	0.74717030
535.58328991	0.74717030
536.08328987	0.74717030
536.58328984	0.75652070
537.08328980	0.75652070
537.58328977	0.75652070
538.08328974	0.74717030
538.58328970	0.75652070
539.08328967	0.75652070
539.58328963	0.74717030
540.08328960	0.74717030
540.58328956	0.75652070
541.08328953	0.75652070
541.58328949	0.76584030
542.08328946	0.75652070
542.58328943	0.76584030
543.08328939	0.76584030
543.58328936	0.76584030
544.08328932	0.76584030
544.58328929	0.77519070
545.08328925	0.75652070
545.58328922	0.76584030
546.08328918	0.76584030
546.58328915	0.76584030
547.08328912	0.76584030
547.58328908	0.76584030
548.08328905	0.76584030
548.58328901	0.77519070
549.08328898	0.77519070
549.58328894	0.77519070
550.08328891	0.76584030
550.58328887	0.77519070
551.08328884	0.77519070
551.58328880	0.77519070
552.08328877	0.77519070
552.58328874	0.76584030
553.08328870	0.77519070
553.58328867	0.77519070
554.08328863	0.78454110
554.58328860	0.76584030
555.08328856	0.34556470
555.58328853	0.77519070
556.08328849	0.04669045
556.58328846	0.78454110
557.08328843	0.79386070
557.58328839	0.78454110
558.08328836	0.78454110
558.58328832	0.78454110
559.08328829	0.78454110
559.58328825	0.78454110
560.08328822	0.78454110
560.58328818	0.78454110
561.08328815	0.78454110
561.58328812	0.79386070
562.08328808	0.79386070
562.58328805	0.78454110
563.08328801	0.78454110
563.58328798	0.78454110
564.08328794	0.79386070
564.58328791	0.80321110
565.08328787	0.78454110
565.58328784	0.78454110
566.08328781	0.79386070
566.58328777	0.79386070
567.08328774	0.79386070
567.58328770	0.79386070
568.08328767	0.78454110
568.58328763	0.79386070
569.08328760	0.79386070
569.58328756	0.80321110
570.08328753	0.79386070
570.58328750	0.80321110
571.08328746	0.81256150
571.58328743	0.80321110
572.08328739	0.80321110
572.58328736	0.80321110
573.08328732	0.80321110
573.58328729	0.80321110
574.08328725	0.80321110
574.58328722	0.80321110
575.08328719	0.81256150
575.58328715	0.81256150
576.08328712	0.80321110
576.58328708	0.81256150
577.08328705	0.81256150
577.58328701	0.81256150
578.08328698	0.81256150
578.58328694	0.80321110
579.08328691	0.78454110
579.58328688	0.81256150
580.08328684	0.82188120
580.58328681	0.80321110
581.08328677	0.82188120
581.58328674	0.81256150
582.08328670	0.81256150
582.58328667	0.82188120
583.08328663	0.77519070
583.58328660	0.82188120
584.08328657	0.81256150
584.58328653	0.82188120
585.08328650	0.82188120
585.58328646	0.82188120
586.08328643	0.82188120
586.58328639	0.82188120
587.08328636	0.01867003
587.58328632	0.00931964
588.08328629	-0.01867003
588.58328626	0.00000000
589.08328622	0.00931964
589.58328619	0.81256150
590.08328615	0.83123150
590.58328612	0.00931964
591.08328608	-0.00931964
591.58328605	-0.00931964
592.08328601	0.00000000
592.58328598	-0.00931964
593.08328594	-0.01867003
593.58328591	-0.01867003
594.08328588	-0.01867003
594.58328584	-0.01867003
595.08328581	-0.01867003
595.58328577	-0.01867003
596.08328574	-0.01867003
596.58328570	-0.01867003
597.08328567	-0.00931964
597.58328563	0.83123150
598.08328560	0.84058200
598.58328557	0.84058200
599.08328553	0.84058200
599.58328550	0.84058200
600.08328546	0.02798967
600.58328543	0.84990160
601.08328539	0.84058200
601.58328536	0.84058200
602.08328532	0.84990160
602.58328529	0.84990160
603.08328526	0.84990160
603.58328522	0.00931964
604.08328519	0.01867003
604.58328515	0.01867003
605.08328512	0.00931964
605.58328508	0.01867003
606.08328505	0.01867003
606.58328501	0.00000000
607.08328498	0.00931964
607.58328495	0.00931964
608.08328491	0.00931964
608.58328488	0.00000000
609.08328484	0.00000000
609.58328481	0.00000000
610.08328477	-0.00931964
610.58328474	-0.01867003
611.08328470	0.00000000
611.58328467	-0.00931964
612.08328464	-0.01867003
612.58328460	-0.00931964
613.08328457	-0.01867003
613.58328453	-0.00931964
614.08328450	-0.00931964
614.58328446	-0.00931964
615.08328443	-0.01867003
615.58328439	-0.00931964
616.08328436	-0.00931964
616.58328433	-0.00931964
617.08328429	-0.00931964
617.58328426	0.00000000
618.08328422	0.00000000
618.58328419	0.00000000
619.08328415	0.00000000
619.58328412	0.00931964
620.08328408	0.00931964
620.58328405	0.00931964
621.08328402	0.00931964
621.58328398	0.01867003
622.08328395	0.01867003
622.58328391	0.01867003
623.08328388	0.01867003
623.58328384	0.00931964
624.08328381	0.00931964
624.58328377	0.01867003
625.08328374	0.01867003
625.58328371	0.00931964
626.08328367	0.00931964
626.58328364	0.00931964
627.08328360	0.00000000
627.58328357	-0.00931964
628.08328353	0.00000000
628.58328350	0.00931964
629.08328346	0.00000000
629.58328343	0.00000000
630.08328339	-0.00931964
630.58328336	-0.00931964
631.08328333	-0.00931964
631.58328329	-0.00931964
632.08328326	-0.00931964
632.58328322	-0.00931964
633.08328319	-0.01867003
633.58328315	-0.01867003
634.08328312	-0.00931964
634.58328308	-0.01867003
635.08328305	-0.00931964
635.58328302	-0.00931964
636.08328298	-0.01867003
636.58328295	0.00000000
637.08328291	-0.00931964
637.58328288	-0.00931964
638.08328284	0.00000000
638.58328281	0.00000000
639.08328277	0.00000000
639.58328274	0.00000000
640.08328271	0.00000000
640.58328267	0.00931964
641.08328264	0.00931964
641.58328260	0.00931964
642.08328257	0.00931964
642.58328253	0.00931964
643.08328250	0.00931964
643.58328246	0.00931964
644.08328243	0.01867003
644.58328240	0.01867003
645.08328236	0.01867003
645.58328233	0.02798967
646.08328229	0.00931964
646.58328226	0.00000000
647.08328222	0.00931964
647.58328219	0.00931964
648.08328215	0.00000000
648.58328212	0.00000000
649.08328209	0.00000000
649.58328205	-0.00931964
650.08328202	-0.00931964
650.58328198	-0.00931964
651.08328195	-0.00931964
651.58328191	-0.01867003
652.08328188	-0.00931964
652.58328184	-0.00931964
653.08328181	-0.01867003
653.58328178	-0.01867003
654.08328174	0.00000000
654.58328171	-0.00931964
655.08328167	-0.00931964
655.58328164	-0.00931964
656.08328160	-0.00931964
656.58328157	0.00000000
657.08328153	-0.00931964
657.58328150	-0.00931964
658.08328147	0.00000000
658.58328143	-0.00931964
659.08328140	0.00000000
659.58328136	0.00000000
660.08328133	0.00931964
660.58328129	0.00931964
661.08328126	0.01867003
661.58328122	0.00931964
662.08328119	0.01867003
662.58328116	0.01867003
663.08328112	0.01867003
663.58328109	0.01867003
664.08328105	0.00931964
664.58328102	0.00931964
665.08328098	0.00931964
665.58328095	0.01867003
666.08328091	0.00931964
666.58328088	0.00931964
667.08328084	0.00931964
667.58328081	0.00931964
668.08328078	0.00931964
668.58328074	0.00000000
669.08328071	0.00000000
669.58328067	0.00000000
670.08328064	-0.00931964
670.58328060	0.00000000
671.08328057	-0.00931964
671.58328053	-0.00931964
672.08328050	-0.00931964
672.58328047	-0.00931964
673.08328043	-0.03734006
673.58328040	-0.00931964
674.08328036	-0.02798967
674.58328033	-0.01867003
675.08328029	-0.01867003
675.58328026	-0.00931964
676.08328022	0.00000000
676.58328019	0.00931964
677.08328016	-0.01867003
677.58328012	-0.00931964
678.08328009	0.00000000
678.58328005	0.00000000
679.08328002	0.00000000
679.58327998	0.00000000
680.08327995	0.00931964
680.58327991	0.01867003
681.08327988	0.00931964
681.58327985	0.00931964
682.08327981	0.00931964
682.58327978	0.00931964
683.08327974	0.01867003
683.58327971	0.01867003
684.08327967	0.00931964
684.58327964	0.01867003
685.08327960	0.01867003
685.58327957	0.01867003
