-383.99997354	0.23348300
-383.49997357	0.22413260
-382.99997360	0.22413260
-382.49997364	0.23348300
-381.99997367	0.22413260
-381.49997371	0.22413260
-380.99997374	0.23348300
-380.49997378	0.23348300
-379.99997381	0.23348300
-379.49997385	0.22413260
-378.99997388	0.23348300
-378.49997391	0.23348300
-377.99997395	0.20546260
-377.49997398	0.23348300
-376.99997402	0.23348300
-376.49997405	0.22413260
-375.99997409	0.23348300
-375.49997412	0.22413260
-374.99997416	0.23348300
-374.49997419	0.22413260
-373.99997422	0.22413260
-373.49997426	0.22413260
-372.99997429	0.22413260
-372.49997433	0.23348300
-371.99997436	0.23348300
-371.49997440	0.23348300
-370.99997443	0.22413260
-370.49997447	0.22413260
-369.99997450	0.23348300
-369.49997453	0.23348300
-368.99997457	0.23348300
-368.49997460	0.22413260
-367.99997464	0.22413260
-367.49997467	0.23348300
-366.99997471	0.23348300
-366.49997474	0.22413260
-365.99997478	0.23348300
-365.49997481	0.23348300
-364.99997484	0.22413260
-364.49997488	0.23348300
-363.99997491	0.23348300
-363.49997495	0.22413260
-362.99997498	0.22413260
-362.49997502	0.22413260
-361.99997505	0.23348300
-361.49997509	0.22413260
-360.99997512	0.26150350
-360.49997516	0.22413260
-359.99997519	0.22413260
-359.49997522	0.22413260
-358.99997526	0.22413260
-358.49997529	0.22413260
-357.99997533	0.23348300
-357.49997536	0.22413260
-356.99997540	0.20546260
-356.49997543	0.23348300
-355.99997547	0.22413260
-355.49997550	0.22413260
-354.99997553	0.23348300
-354.49997557	0.22413260
-353.99997560	0.23348300
-353.49997564	0.22413260
-352.99997567	0.22413260
-352.49997571	0.23348300
-351.99997574	0.22413260
-351.49997578	0.23348300
-350.99997581	0.23348300
-350.49997584	0.21481300
-349.99997588	0.23348300
-349.49997591	0.23348300
-348.99997595	0.22413260
-348.49997598	0.22413260
-347.99997602	0.22413260
-347.49997605	0.22413260
-346.99997609	0.23348300
-346.49997612	0.23348300
-345.99997615	0.23348300
-345.49997619	0.23348300
-344.99997622	0.22413260
-344.49997626	0.22413260
-343.99997629	0.23348300
-343.49997633	0.22413260
-342.99997636	0.22413260
-342.49997640	0.24283340
-341.99997643	0.22413260
-341.49997646	0.23348300
-340.99997650	0.22413260
-340.49997653	0.23348300
-339.99997657	0.22413260
-339.49997660	0.22413260
-338.99997664	0.22413260
-338.49997667	0.22413260
-337.99997671	0.22413260
-337.49997674	0.22413260
-336.99997677	0.22413260
-336.49997681	0.22413260
-335.99997684	0.23348300
-335.49997688	0.22413260
-334.99997691	0.23348300
-334.49997695	0.22413260
-333.99997698	0.21481300
-333.49997702	0.22413260
-332.99997705	0.22413260
-332.49997708	0.23348300
-331.99997712	0.22413260
-331.49997715	0.23348300
-330.99997719	0.23348300
-330.49997722	0.23348300
-329.99997726	0.23348300
-329.49997729	0.22413260
-328.99997733	0.22413260
-328.49997736	0.23348300
-327.99997739	0.23348300
-327.49997743	0.23348300
-326.99997746	0.21481300
-326.49997750	0.23348300
-325.99997753	0.23348300
-325.49997757	0.21481300
-324.99997760	0.22413260
-324.49997764	0.23348300
-323.99997767	0.22413260
-323.49997771	0.22413260
-322.99997774	0.23348300
-322.49997777	0.22413260
-321.99997781	0.23348300
-321.49997784	0.23348300
-320.99997788	0.23348300
-320.49997791	0.22413260
-319.99997795	0.22413260
-319.49997798	0.22413260
-318.99997802	0.22413260
-318.49997805	0.21481300
-317.99997808	0.22413260
-317.49997812	0.22413260
-316.99997815	0.23348300
-316.49997819	0.22413260
-315.99997822	0.22413260
-315.49997826	0.23348300
-314.99997829	0.22413260
-314.49997833	0.22413260
-313.99997836	0.23348300
-313.49997839	0.22413260
-312.99997843	0.22413260
-312.49997846	0.22413260
-311.99997850	0.23348300
-311.49997853	0.23348300
-310.99997857	0.22413260
-310.49997860	0.22413260
-309.99997864	0.23348300
-309.49997867	0.22413260
-308.99997870	0.23348300
-308.49997874	0.22413260
-307.99997877	0.23348300
-307.49997881	0.22413260
-306.99997884	0.23348300
-306.49997888	0.23348300
-305.99997891	0.22413260
-305.49997895	0.22413260
-304.99997898	0.22413260
-304.49997901	0.23348300
-303.99997905	0.23348300
-303.49997908	0.22413260
-302.99997912	0.22413260
-302.49997915	0.22413260
-301.99997919	0.21481300
-301.49997922	0.22413260
-300.99997926	0.23348300
-300.49997929	0.23348300
-299.99997932	0.22413260
-299.49997936	0.22413260
-298.99997939	0.21481300
-298.49997943	0.19611220
-297.99997946	0.22413260
-297.49997950	0.22413260
-296.99997953	0.23348300
-296.49997957	0.23348300
-295.99997960	0.23348300
-295.49997963	0.22413260
-294.99997967	0.23348300
-294.49997970	0.23348300
-293.99997974	0.23348300
-293.49997977	0.23348300
-292.99997981	0.22413260
-292.49997984	0.22413260
-291.99997988	0.23348300
-291.49997991	0.22413260
-290.99997994	0.23348300
-290.49997998	0.22413260
-289.99998001	0.22413260
-289.49998005	0.22413260
-288.99998008	0.23348300
-288.49998012	0.23348300
-287.99998015	0.22413260
-287.49998019	0.21481300
-286.99998022	0.23348300
-286.49998026	0.23348300
-285.99998029	0.23348300
-285.49998032	0.23348300
-284.99998036	0.22413260
-284.49998039	0.21481300
-283.99998043	0.22413260
-283.49998046	0.22413260
-282.99998050	0.22413260
-282.49998053	0.22413260
-281.99998057	0.23348300
-281.49998060	0.22413260
-280.99998063	0.22413260
-280.49998067	0.23348300
-279.99998070	0.23348300
-279.49998074	0.22413260
-278.99998077	0.22413260
-278.49998081	0.22413260
-277.99998084	0.22413260
-277.49998088	0.22413260
-276.99998091	0.22413260
-276.49998094	0.23348300
-275.99998098	0.25215300
-275.49998101	0.22413260
-274.99998105	0.22413260
-274.49998108	0.22413260
-273.99998112	0.22413260
-273.49998115	0.22413260
-272.99998119	0.22413260
-272.49998122	0.22413260
-271.99998125	0.21481300
-271.49998129	0.22413260
-270.99998132	0.23348300
-270.49998136	0.22413260
-269.99998139	0.22413260
-269.49998143	0.22413260
-268.99998146	0.22413260
-268.49998150	0.22413260
-267.99998153	0.22413260
-267.49998156	0.22413260
-266.99998160	0.22413260
-266.49998163	0.22413260
-265.99998167	0.22413260
-265.49998170	0.23348300
-264.99998174	0.23348300
-264.49998177	0.22413260
-263.99998181	0.22413260
-263.49998184	0.22413260
-262.99998187	0.22413260
-262.49998191	0.22413260
-261.99998194	0.21481300
-261.49998198	0.22413260
-260.99998201	0.22413260
-260.49998205	0.27085380
-259.99998208	0.23348300
-259.49998212	0.23348300
-258.99998215	0.22413260
-258.49998218	0.22413260
-257.99998222	0.23348300
-257.49998225	0.22413260
-256.99998229	0.22413260
-256.49998232	0.22413260
-255.99998236	0.23348300
-255.49998239	0.22413260
-254.99998243	0.23348300
-254.49998246	0.22413260
-253.99998249	0.23348300
-253.49998253	0.23348300
-252.99998256	0.22413260
-252.49998260	0.22413260
-251.99998263	0.22413260
-251.49998267	0.23348300
-250.99998270	0.23348300
-250.49998274	0.19611220
-249.99998277	0.22413260
-249.49998280	0.22413260
-248.99998284	0.22413260
-248.49998287	0.23348300
-247.99998291	0.22413260
-247.49998294	0.22413260
-246.99998298	0.23348300
-246.49998301	0.28017350
-245.99998305	0.23348300
-245.49998308	0.21481300
-244.99998312	0.22413260
-244.49998315	0.22413260
-243.99998318	0.23348300
-243.49998322	0.23348300
-242.99998325	0.22413260
-242.49998329	0.23348300
-241.99998332	0.23348300
-241.49998336	0.22413260
-240.99998339	0.22413260
-240.49998343	0.22413260
-239.99998346	0.22413260
-239.49998349	0.23348300
-238.99998353	0.22413260
-238.49998356	0.23348300
-237.99998360	0.19611220
-237.49998363	0.23348300
-236.99998367	0.23348300
-236.49998370	0.23348300
-235.99998374	0.22413260
-235.49998377	0.23348300
-234.99998380	0.20546260
-234.49998384	0.22413260
-233.99998387	0.23348300
-233.49998391	0.20546260
-232.99998394	0.22413260
-232.49998398	0.22413260
-231.99998401	0.22413260
-231.49998405	0.23348300
-230.99998408	0.22413260
-230.49998411	0.23348300
-229.99998415	0.22413260
-229.49998418	0.22413260
-228.99998422	0.22413260
-228.49998425	0.22413260
-227.99998429	0.23348300
-227.49998432	0.23348300
-226.99998436	0.24283340
-226.49998439	0.23348300
-225.99998442	0.23348300
-225.49998446	0.23348300
-224.99998449	0.22413260
-224.49998453	0.22413260
-223.99998456	0.22413260
-223.49998460	0.23348300
-222.99998463	0.21481300
-222.49998467	0.23348300
-221.99998470	0.23348300
-221.49998473	0.22413260
-220.99998477	0.22413260
-220.49998480	0.22413260
-219.99998484	0.23348300
-219.49998487	0.22413260
-218.99998491	0.22413260
-218.49998494	0.22413260
-217.99998498	0.22413260
-217.49998501	0.23348300
-216.99998504	0.23348300
-216.49998508	0.23348300
-215.99998511	0.22413260
-215.49998515	0.23348300
-214.99998518	0.23348300
-214.49998522	0.22413260
-213.99998525	0.23348300
-213.49998529	0.23348300
-212.99998532	0.22413260
-212.49998535	0.23348300
-211.99998539	0.23348300
-211.49998542	0.23348300
-210.99998546	0.26150350
-210.49998549	0.23348300
-209.99998553	0.22413260
-209.49998556	0.23348300
-208.99998560	0.23348300
-208.49998563	0.22413260
-207.99998567	0.23348300
-207.49998570	0.22413260
-206.99998573	0.23348300
-206.49998577	0.23348300
-205.99998580	0.23348300
-205.49998584	0.23348300
-204.99998587	0.23348300
-204.49998591	0.23348300
-203.99998594	0.23348300
-203.49998598	0.22413260
-202.99998601	0.23348300
-202.49998604	0.23348300
-201.99998608	0.22413260
-201.49998611	0.23348300
-200.99998615	0.23348300
-200.49998618	0.22413260
-199.99998622	0.23348300
-199.49998625	0.23348300
-198.99998629	0.21481300
-198.49998632	0.23348300
-197.99998635	0.23348300
-197.49998639	0.22413260
-196.99998642	0.23348300
-196.49998646	0.23348300
-195.99998649	0.22413260
-195.49998653	0.19611220
-194.99998656	0.24283340
-194.49998660	0.23348300
-193.99998663	0.23348300
-193.49998666	0.22413260
-192.99998670	0.23348300
-192.49998673	0.23348300
-191.99998677	0.23348300
-191.49998680	0.21481300
-190.99998684	0.24283340
-190.49998687	0.23348300
-189.99998691	0.23348300
-189.49998694	0.23348300
-188.99998697	0.22413260
-188.49998701	0.24283340
-187.99998704	0.23348300
-187.49998708	0.23348300
-186.99998711	0.21481300
-186.49998715	0.24283340
-185.99998718	0.23348300
-185.49998722	0.22413260
-184.99998725	0.23348300
-184.49998728	0.23348300
-183.99998732	0.23348300
-183.49998735	0.23348300
-182.99998739	0.23348300
-182.49998742	0.24283340
-181.99998746	0.23348300
-181.49998749	0.24283340
-180.99998753	0.24283340
-180.49998756	0.24283340
-179.99998759	0.24283340
-179.49998763	0.23348300
-178.99998766	0.24283340
-178.49998770	0.27085380
-177.99998773	0.23348300
-177.49998777	0.24283340
-176.99998780	0.23348300
-176.49998784	0.24283340
-175.99998787	0.24283340
-175.49998790	0.23348300
-174.99998794	0.23348300
-174.49998797	0.23348300
-173.99998801	0.24283340
-173.49998804	0.24283340
-172.99998808	0.24283340
-172.49998811	0.23348300
-171.99998815	0.23348300
-171.49998818	0.23348300
-170.99998822	0.24283340
-170.49998825	0.24283340
-169.99998828	0.24283340
-169.49998832	0.23348300
-168.99998835	0.24283340
-168.49998839	0.24283340
-167.99998842	0.23348300
-167.49998846	0.23348300
-166.99998849	0.24283340
-166.49998853	0.23348300
-165.99998856	0.24283340
-165.49998859	0.24283340
-164.99998863	0.24283340
-164.49998866	0.24283340
-163.99998870	0.23348300
-163.49998873	0.24283340
-162.99998877	0.24283340
-162.49998880	0.23348300
-161.99998884	0.23348300
-161.49998887	0.24283340
-160.99998890	0.24283340
-160.49998894	0.24283340
-159.99998897	0.24283340
-159.49998901	0.24283340
-158.99998904	0.24283340
-158.49998908	0.23348300
-157.99998911	0.24283340
-157.49998915	0.23348300
-156.99998918	0.23348300
-156.49998921	0.23348300
-155.99998925	0.24283340
-155.49998928	0.24283340
-154.99998932	0.24283340
-154.49998935	0.24283340
-153.99998939	0.24283340
-153.49998942	0.24283340
-152.99998946	0.24283340
-152.49998949	0.24283340
-151.99998952	0.25215300
-151.49998956	0.24283340
-150.99998959	0.24283340
-150.49998963	0.24283340
-149.99998966	0.24283340
-149.49998970	0.25215300
-148.99998973	0.24283340
-148.49998977	0.24283340
-147.99998980	0.24283340
-147.49998983	0.24283340
-146.99998987	0.24283340
-146.49998990	0.24283340
-145.99998994	0.24283340
-145.49998997	0.24283340
-144.99999001	0.25215300
-144.49999004	0.25215300
-143.99999008	0.24283340
-143.49999011	0.24283340
-142.99999014	0.24283340
-142.49999018	0.24283340
-141.99999021	0.24283340
-141.49999025	0.24283340
-140.99999028	0.24283340
-140.49999032	0.24283340
-139.99999035	0.24283340
-139.49999039	0.25215300
-138.99999042	0.25215300
-138.49999045	0.25215300
-137.99999049	0.24283340
-137.49999052	0.24283340
-136.99999056	0.25215300
-136.49999059	0.27085380
-135.99999063	0.28017350
-135.49999066	0.24283340
-134.99999070	0.25215300
-134.49999073	0.25215300
-133.99999077	0.25215300
-133.49999080	0.25215300
-132.99999083	0.23348300
-132.49999087	0.24283340
-131.99999090	0.25215300
-131.49999094	0.24283340
-130.99999097	0.25215300
-130.49999101	0.25215300
-129.99999104	0.25215300
-129.49999108	0.26150350
-128.99999111	0.25215300
-128.49999114	0.25215300
-127.99999118	0.25215300
-127.49999121	0.25215300
-126.99999125	0.25215300
-126.49999128	0.25215300
-125.99999132	0.25215300
-125.49999135	0.25215300
-124.99999139	0.25215300
-124.49999142	0.25215300
-123.99999145	0.25215300
-123.49999149	0.26150350
-122.99999152	0.24283340
-122.49999156	0.25215300
-121.99999159	0.25215300
-121.49999163	0.25215300
-120.99999166	0.25215300
-120.49999170	0.25215300
-119.99999173	0.25215300
-119.49999176	0.25215300
-118.99999180	0.25215300
-118.49999183	0.25215300
-117.99999187	0.25215300
-117.49999190	0.25215300
-116.99999194	0.25215300
-116.49999197	0.26150350
-115.99999201	0.29887430
-115.49999204	0.26150350
-114.99999207	0.25215300
-114.49999211	0.23348300
-113.99999214	0.26150350
-113.49999218	0.26150350
-112.99999221	0.25215300
-112.49999225	0.25215300
-111.99999228	0.26150350
-111.49999232	0.26150350
-110.99999235	0.25215300
-110.49999238	0.26150350
-109.99999242	0.25215300
-109.49999245	0.25215300
-108.99999249	0.25215300
-108.49999252	0.25215300
-107.99999256	0.25215300
-107.49999259	0.18679260
-106.99999263	0.27085380
-106.49999266	0.25215300
-105.99999269	0.26150350
-105.49999273	0.26150350
-104.99999276	0.26150350
-104.49999280	0.29887430
-103.99999283	0.25215300
-103.49999287	0.25215300
-102.99999290	0.23348300
-102.49999294	0.26150350
-101.99999297	0.26150350
-101.49999300	0.25215300
-100.99999304	0.26150350
-100.49999307	0.26150350
-99.99999311	0.26150350
-99.49999314	0.25215300
-98.99999318	0.26150350
-98.49999321	0.26150350
-97.99999325	0.26150350
-97.49999328	0.26150350
-96.99999331	0.26150350
-96.49999335	0.26150350
-95.99999338	0.25215300
-95.49999342	0.27085380
-94.99999345	0.26150350
-94.49999349	0.29887430
-93.99999352	0.27085380
-93.49999356	0.26150350
-92.99999359	0.28017350
-92.49999363	0.26150350
-91.99999366	0.27085380
-91.49999369	0.26150350
-90.99999373	0.26150350
-90.49999376	0.26150350
-89.99999380	0.26150350
-89.49999383	0.27085380
-88.99999387	0.26150350
-88.49999390	0.26150350
-87.99999394	0.27085380
-87.49999397	0.28017350
-86.99999400	0.26150350
-86.49999404	0.26150350
-85.99999407	0.26150350
-85.49999411	0.27085380
-84.99999414	0.27085380
-84.49999418	0.24283340
-83.99999421	0.27085380
-83.49999425	0.26150350
-82.99999428	0.25215300
-82.49999431	0.27085380
-81.99999435	0.27085380
-81.49999438	0.27085380
-80.99999442	0.27085380
-80.49999445	0.27085380
-79.99999449	0.27085380
-79.49999452	0.27085380
-78.99999456	0.27085380
-78.49999459	0.27085380
-77.99999462	0.27085380
-77.49999466	0.26150350
-76.99999469	0.28017350
-76.49999473	0.27085380
-75.99999476	0.28017350
-75.49999480	0.27085380
-74.99999483	0.27085380
-74.49999487	0.27085380
-73.99999490	0.27085380
-73.49999493	0.28017350
-72.99999497	0.30819390
-72.49999500	0.28017350
-71.99999504	0.27085380
-71.49999507	0.27085380
-70.99999511	0.28017350
-70.49999514	0.27085380
-69.99999518	0.28017350
-69.49999521	0.27085380
-68.99999524	0.28017350
-68.49999528	0.28017350
-67.99999531	0.27085380
-67.49999535	0.27085380
-66.99999538	0.27085380
-66.49999542	0.28017350
-65.99999545	0.28952390
-65.49999549	0.28017350
-64.99999552	0.28017350
-64.49999555	0.28017350
-63.99999559	0.27085380
-63.49999562	0.27085380
-62.99999566	0.28017350
-62.49999569	0.28017350
-61.99999573	0.28017350
-61.49999576	0.28952390
-60.99999580	0.28017350
-60.49999583	0.28017350
-59.99999586	0.28952390
-59.49999590	0.27085380
-58.99999593	0.28017350
-58.49999597	0.28017350
-57.99999600	0.28017350
-57.49999604	0.28017350
-56.99999607	0.28017350
-56.49999611	0.28017350
-55.99999614	0.28017350
-55.49999618	0.28017350
-54.99999621	0.28017350
-54.49999624	0.27085380
-53.99999628	0.28017350
-53.49999631	0.28017350
-52.99999635	0.28017350
-52.49999638	0.28952390
-51.99999642	0.26150350
-51.49999645	0.28017350
-50.99999649	0.28952390
-50.49999652	0.28952390
-49.99999655	0.28952390
-49.49999659	0.28952390
-48.99999662	0.28017350
-48.49999666	0.28952390
-47.99999669	0.28952390
-47.49999673	0.28017350
-46.99999676	0.28952390
-46.49999680	0.28952390
-45.99999683	0.26150350
-45.49999686	0.28952390
-44.99999690	0.28952390
-44.49999693	0.28952390
-43.99999697	0.28952390
-43.49999700	0.28952390
-42.99999704	0.28017350
-42.49999707	0.28952390
-41.99999711	0.28952390
-41.49999714	0.28952390
-40.99999717	0.28952390
-40.49999721	0.28952390
-39.99999724	0.28952390
-39.49999728	0.28952390
-38.99999731	0.28952390
-38.49999735	0.28952390
-37.99999738	0.28952390
-37.49999742	0.28952390
-36.99999745	0.29887430
-36.49999748	0.29887430
-35.99999752	0.29887430
-35.49999755	0.28952390
-34.99999759	0.29887430
-34.49999762	0.29887430
-33.99999766	0.28952390
-33.49999769	0.28952390
-32.99999773	0.28952390
-32.49999776	0.27085380
-31.99999779	0.29887430
-31.49999783	0.28952390
-30.99999786	0.28952390
-30.49999790	0.29887430
-29.99999793	0.28952390
-29.49999797	0.29887430
-28.99999800	0.29887430
-28.49999804	0.29887430
-27.99999807	0.29887430
-27.49999810	0.29887430
-26.99999814	0.29887430
-26.49999817	0.28952390
-25.99999821	0.29887430
-25.49999824	0.29887430
-24.99999828	0.29887430
-24.49999831	0.31754430
-23.99999835	0.29887430
-23.49999838	0.29887430
-22.99999841	0.28952390
-22.49999845	0.28952390
-21.99999848	0.29887430
-21.49999852	0.30819390
-20.99999855	0.30819390
-20.49999859	0.30819390
-19.99999862	0.29887430
-19.49999866	0.30819390
-18.99999869	0.30819390
-18.49999873	0.29887430
-17.99999876	0.29887430
-17.49999879	0.29887430
-16.99999883	0.30819390
-16.49999886	0.30819390
-15.99999890	0.30819390
-15.49999893	0.30819390
-14.99999897	0.30819390
-14.49999900	0.31754430
-13.99999904	0.30819390
-13.49999907	0.30819390
-12.99999910	0.30819390
-12.49999914	0.29887430
-11.99999917	0.30819390
-11.49999921	0.29887430
-10.99999924	0.30819390
-10.49999928	0.30819390
-9.99999931	0.30819390
-9.49999935	0.30819390
-8.99999938	0.30819390
-8.49999941	0.30819390
-7.99999945	0.30819390
-7.49999948	0.30819390
-6.99999952	0.30819390
-6.49999955	0.31754430
-5.99999959	0.31754430
-5.49999962	0.30819390
-4.99999966	0.31754430
-4.49999969	0.26150350
-3.99999972	0.31754430
-3.49999976	0.31754430
-2.99999979	0.29887430
-2.49999983	0.31754430
-1.99999986	0.30819390
-1.49999990	0.31754430
-0.99999993	0.31754430
-0.49999997	0.31754430
0.00000000	0.32686390
0.49999997	0.32686390
0.99999993	0.31754430
1.49999990	0.31754430
1.99999986	0.30819390
2.49999983	0.31754430
2.99999979	0.31754430
3.49999976	0.31754430
3.99999972	0.29887430
4.49999969	0.32686390
4.99999966	0.31754430
5.49999962	0.31754430
5.99999959	0.32686390
6.49999955	0.32686390
6.99999952	0.32686390
7.49999948	0.32686390
7.99999945	0.31754430
8.49999941	0.28017350
8.99999938	0.32686390
9.49999935	0.31754430
9.99999931	0.31754430
10.49999928	0.32686390
10.99999924	0.31754430
11.49999921	0.32686390
11.99999917	0.31754430
12.49999914	0.32686390
12.99999910	0.31754430
13.49999907	0.31754430
13.99999904	0.32686390
14.49999900	0.32686390
14.99999897	0.33621430
15.49999893	0.32686390
15.99999890	0.33621430
16.49999886	0.31754430
16.99999883	0.32686390
17.49999879	0.32686390
17.99999876	0.33621430
18.49999873	0.33621430
18.99999869	0.33621430
19.49999866	0.32686390
19.99999862	0.31754430
20.49999859	0.32686390
20.99999855	0.33621430
21.49999852	0.31754430
21.99999848	0.33621430
22.49999845	0.32686390
22.99999841	0.33621430
23.49999838	0.33621430
23.99999835	0.32686390
24.49999831	0.33621430
24.99999828	0.33621430
25.49999824	0.33621430
25.99999821	0.32686390
26.49999817	0.33621430
26.99999814	0.33621430
27.49999810	0.33621430
27.99999807	0.33621430
28.49999804	0.32686390
28.99999800	0.33621430
29.49999797	0.32686390
29.99999793	0.39225520
30.49999790	0.33621430
30.99999786	0.33621430
31.49999783	0.33621430
31.99999779	0.33621430
32.49999776	0.34556470
32.99999773	0.33621430
33.49999769	0.33621430
33.99999766	0.32686390
34.49999762	0.34556470
34.99999759	0.34556470
35.49999755	0.34556470
35.99999752	0.34556470
36.49999748	0.33621430
36.99999745	0.34556470
37.49999742	0.34556470
37.99999738	0.34556470
38.49999735	0.34556470
38.99999731	0.34556470
39.49999728	0.34556470
39.99999724	0.34556470
40.49999721	0.34556470
40.99999717	0.35488440
41.49999714	0.34556470
41.99999711	0.33621430
42.49999707	0.34556470
42.99999704	0.34556470
43.49999700	0.34556470
43.99999697	0.33621430
44.49999693	0.34556470
44.99999690	0.34556470
45.49999686	0.34556470
45.99999683	0.35488440
46.49999680	0.34556470
46.99999676	0.34556470
47.49999673	0.34556470
47.99999669	0.34556470
48.49999666	0.34556470
48.99999662	0.35488440
49.49999659	0.34556470
49.99999655	0.40160550
50.49999652	0.35488440
50.99999649	0.35488440
51.49999645	0.35488440
51.99999642	0.35488440
52.49999638	0.36423470
52.99999635	0.35488440
53.49999631	0.35488440
53.99999628	0.35488440
54.49999624	0.35488440
54.99999621	0.35488440
55.49999618	0.35488440
55.99999614	0.36423470
56.49999611	0.36423470
56.99999607	0.37358510
57.49999604	0.35488440
57.99999600	0.36423470
58.49999597	0.35488440
58.99999593	0.35488440
59.49999590	0.37358510
59.99999586	0.39225520
60.49999583	0.37358510
60.99999580	0.36423470
61.49999576	0.35488440
61.99999573	0.36423470
62.49999569	0.36423470
62.99999566	0.37358510
63.49999562	0.36423470
63.99999559	0.36423470
64.49999555	0.36423470
64.99999552	0.36423470
65.49999549	0.37358510
65.99999545	0.36423470
66.49999542	0.37358510
66.99999538	0.37358510
67.49999535	0.38290480
67.99999531	0.36423470
68.49999528	0.37358510
68.99999524	0.37358510
69.49999521	0.36423470
69.99999518	0.37358510
70.49999514	0.36423470
70.99999511	0.37358510
71.49999507	0.35488440
71.99999504	0.37358510
72.49999500	0.37358510
72.99999497	0.37358510
73.49999493	0.37358510
73.99999490	0.37358510
74.49999487	0.37358510
74.99999483	0.38290480
75.49999480	0.37358510
75.99999476	0.37358510
76.49999473	0.38290480
76.99999469	0.37358510
77.49999466	0.38290480
77.99999462	0.37358510
78.49999459	0.38290480
78.99999456	0.37358510
79.49999452	0.38290480
79.99999449	0.37358510
80.49999445	0.38290480
80.99999442	0.37358510
81.49999438	0.37358510
81.99999435	0.38290480
82.49999431	0.37358510
82.99999428	0.38290480
83.49999425	0.38290480
83.99999421	0.38290480
84.49999418	0.37358510
84.99999414	0.37358510
85.49999411	0.38290480
85.99999407	0.38290480
86.49999404	0.38290480
86.99999400	0.37358510
87.49999397	0.39225520
87.99999394	0.38290480
88.49999390	0.38290480
88.99999387	0.39225520
89.49999383	0.38290480
89.99999380	0.35488440
90.49999376	0.38290480
90.99999373	0.39225520
91.49999369	0.38290480
91.99999366	0.39225520
92.49999363	0.39225520
92.99999359	0.39225520
93.49999356	0.39225520
93.99999352	0.39225520
94.49999349	0.39225520
94.99999345	0.39225520
95.49999342	0.39225520
95.99999338	0.40160550
96.49999335	0.39225520
96.99999331	0.39225520
97.49999328	0.39225520
97.99999325	0.39225520
98.49999321	0.40160550
98.99999318	0.42027560
99.49999314	0.40160550
99.99999311	0.39225520
100.49999307	0.40160550
100.99999304	0.40160550
101.49999300	0.39225520
101.99999297	0.39225520
102.49999294	0.40160550
102.99999290	0.40160550
103.49999287	0.39225520
103.99999283	0.40160550
104.49999280	0.40160550
104.99999276	0.41092520
105.49999273	0.40160550
105.99999269	0.41092520
106.49999266	0.40160550
106.99999263	0.41092520
107.49999259	0.40160550
107.99999256	0.40160550
108.49999252	0.40160550
108.99999249	0.40160550
109.49999245	0.40160550
109.99999242	0.41092520
110.49999238	0.41092520
110.99999235	0.40160550
111.49999232	0.41092520
111.99999228	0.41092520
112.49999225	0.41092520
112.99999221	0.41092520
113.49999218	0.41092520
113.99999214	0.40160550
114.49999211	0.40160550
114.99999207	0.41092520
115.49999204	0.41092520
115.99999201	0.41092520
116.49999197	0.41092520
116.99999194	0.42027560
117.49999190	0.42027560
117.99999187	0.41092520
118.49999183	0.41092520
118.99999180	0.42027560
119.49999176	0.41092520
119.99999173	0.41092520
120.49999170	0.42027560
120.99999166	0.41092520
121.49999163	0.42027560
121.99999159	0.42027560
122.49999156	0.42962600
122.99999152	0.42027560
123.49999149	0.42027560
123.99999145	0.42027560
124.49999142	0.42027560
124.99999139	0.42027560
125.49999135	0.42027560
125.99999132	0.42962600
126.49999128	0.42027560
126.99999125	0.42027560
127.49999121	0.42027560
127.99999118	0.42027560
128.49999114	0.43894560
128.99999111	0.42027560
129.49999108	0.42027560
129.99999104	0.42962600
130.49999101	0.42962600
130.99999097	0.42027560
131.49999094	0.42962600
131.99999090	0.42962600
132.49999087	0.42962600
132.99999083	0.42962600
133.49999080	0.42962600
133.99999077	0.42962600
134.49999073	0.43894560
134.99999070	0.42962600
135.49999066	0.42962600
135.99999063	0.42962600
136.49999059	0.42962600
136.99999056	0.42962600
137.49999052	0.42962600
137.99999049	0.42962600
138.49999045	0.43894560
138.99999042	0.43894560
139.49999039	0.43894560
139.99999035	0.43894560
140.49999032	0.43894560
140.99999028	0.42962600
141.49999025	0.43894560
141.99999021	0.43894560
142.49999018	0.43894560
142.99999014	0.43894560
143.49999011	0.44829600
143.99999008	0.43894560
144.49999004	0.42962600
144.99999001	0.43894560
145.49998997	0.44829600
145.99998994	0.43894560
146.49998990	0.43894560
146.99998987	0.38290480
147.49998983	0.44829600
147.99998980	0.43894560
148.49998977	0.44829600
148.99998973	0.44829600
149.49998970	0.44829600
149.99998966	0.44829600
150.49998963	0.44829600
150.99998959	0.45764640
151.49998956	0.44829600
151.99998952	0.44829600
152.49998949	0.44829600
152.99998946	0.45764640
153.49998942	0.44829600
153.99998939	0.42027560
154.49998935	0.44829600
154.99998932	0.44829600
155.49998928	0.45764640
155.99998925	0.45764640
156.49998921	0.44829600
156.99998918	0.48566680
157.49998915	0.45764640
157.99998911	0.45764640
158.49998908	0.49498650
158.99998904	0.45764640
159.49998901	0.45764640
159.99998897	0.45764640
160.49998894	0.45764640
160.99998890	0.44829600
161.49998887	0.45764640
161.99998884	0.46696600
162.49998880	0.44829600
162.99998877	0.45764640
163.49998873	0.45764640
163.99998870	0.45764640
164.49998866	0.44829600
164.99998863	0.45764640
165.49998859	0.46696600
165.99998856	0.47631640
166.49998853	0.46696600
166.99998849	0.46696600
167.49998846	0.46696600
167.99998842	0.46696600
168.49998839	0.46696600
168.99998835	0.47631640
169.49998832	0.47631640
169.99998828	0.46696600
170.49998825	0.46696600
170.99998822	0.43894560
171.49998818	0.46696600
171.99998815	0.47631640
172.49998811	0.47631640
172.99998808	0.46696600
173.49998804	0.47631640
173.99998801	0.46696600
174.49998797	0.47631640
174.99998794	0.47631640
175.49998790	0.46696600
175.99998787	0.47631640
176.49998784	0.48566680
176.99998780	0.47631640
177.49998777	0.47631640
177.99998773	0.47631640
178.49998770	0.47631640
178.99998766	0.47631640
179.49998763	0.48566680
179.99998759	0.48566680
180.49998756	0.48566680
180.99998753	0.48566680
181.49998749	0.48566680
181.99998746	0.48566680
182.49998742	0.47631640
182.99998739	0.49498650
183.49998735	0.45764640
183.99998732	0.48566680
184.49998728	0.48566680
184.99998725	0.48566680
185.49998722	0.48566680
185.99998718	0.49498650
186.49998715	0.48566680
186.99998711	0.48566680
187.49998708	0.48566680
187.99998704	0.48566680
188.49998701	0.49498650
188.99998697	0.49498650
189.49998694	0.49498650
189.99998691	0.49498650
190.49998687	0.49498650
190.99998684	0.49498650
191.49998680	0.49498650
191.99998677	0.49498650
192.49998673	0.50433680
192.99998670	0.50433680
193.49998666	0.49498650
193.99998663	0.49498650
194.49998660	0.49498650
194.99998656	0.49498650
195.49998653	0.50433680
195.99998649	0.50433680
196.49998646	0.50433680
196.99998642	0.49498650
197.49998639	0.50433680
197.99998635	0.50433680
198.49998632	0.50433680
198.99998629	0.51368730
199.49998625	0.50433680
199.99998622	0.50433680
200.49998618	0.51368730
200.99998615	0.50433680
201.49998611	0.50433680
201.99998608	0.50433680
202.49998604	0.50433680
202.99998601	0.51368730
203.49998598	0.50433680
203.99998594	0.51368730
204.49998591	0.51368730
204.99998587	0.51368730
205.49998584	0.51368730
205.99998580	0.52300690
206.49998577	0.51368730
206.99998573	0.51368730
207.49998570	0.52300690
207.99998567	0.51368730
208.49998563	0.52300690
208.99998560	0.51368730
209.49998556	0.51368730
209.99998553	0.52300690
210.49998549	0.52300690
210.99998546	0.52300690
211.49998542	0.52300690
211.99998539	0.52300690
212.49998535	0.52300690
212.99998532	0.52300690
213.49998529	0.51368730
213.99998525	0.52300690
214.49998522	0.53235730
214.99998518	0.52300690
215.49998515	0.53235730
215.99998511	0.53235730
216.49998508	0.52300690
216.99998504	0.52300690
217.49998501	0.52300690
217.99998498	0.52300690
218.49998494	0.52300690
218.99998491	0.52300690
219.49998487	0.52300690
219.99998484	0.52300690
220.49998480	0.52300690
220.99998477	0.53235730
221.49998473	0.53235730
221.99998470	0.53235730
222.49998467	0.53235730
222.99998463	0.52300690
223.49998460	0.53235730
223.99998456	0.54170770
224.49998453	0.54170770
224.99998449	0.53235730
225.49998446	0.54170770
225.99998442	0.54170770
226.49998439	0.54170770
226.99998436	0.54170770
227.49998432	0.54170770
227.99998429	0.54170770
228.49998425	0.54170770
228.99998422	0.54170770
229.49998418	0.54170770
229.99998415	0.54170770
230.49998411	0.54170770
230.99998408	0.54170770
231.49998405	0.55102730
231.99998401	0.55102730
232.49998398	0.54170770
232.99998394	0.55102730
233.49998391	0.54170770
233.99998387	0.55102730
234.49998384	0.55102730
234.99998380	0.55102730
235.49998377	0.56037770
235.99998374	0.55102730
236.49998370	0.55102730
236.99998367	0.56037770
237.49998363	0.56037770
237.99998360	0.56037770
238.49998356	0.56972810
238.99998353	0.55102730
239.49998349	0.56037770
239.99998346	0.55102730
240.49998343	0.55102730
240.99998339	0.56037770
241.49998336	0.56972810
241.99998332	0.55102730
242.49998329	0.56037770
242.99998325	0.56037770
243.49998322	0.56037770
243.99998318	0.56037770
244.49998315	0.56037770
244.99998312	0.56972810
245.49998308	0.58839810
245.99998305	0.56972810
246.49998301	0.56972810
246.99998298	0.56972810
247.49998294	0.56972810
247.99998291	0.56037770
248.49998287	0.56037770
248.99998284	0.56972810
249.49998280	0.56037770
249.99998277	0.56972810
250.49998274	0.56972810
250.99998270	0.56972810
251.49998267	0.56972810
251.99998263	0.56972810
252.49998260	0.56037770
252.99998256	0.56972810
253.49998253	0.57904770
253.99998249	0.56037770
254.49998246	0.56972810
254.99998243	0.56972810
255.49998239	0.56972810
255.99998236	0.57904770
256.49998232	0.57904770
256.99998229	0.56972810
257.49998225	0.57904770
257.99998222	0.57904770
258.49998218	0.57904770
258.99998215	0.57904770
259.49998212	0.57904770
259.99998208	0.58839810
260.49998205	0.58839810
260.99998201	0.58839810
261.49998198	0.58839810
261.99998194	0.58839810
262.49998191	0.57904770
262.99998187	0.57904770
263.49998184	0.59774850
263.99998181	0.58839810
264.49998177	0.57904770
264.99998174	0.58839810
265.49998170	0.59774850
265.99998167	0.59774850
266.49998163	0.58839810
266.99998160	0.59774850
267.49998156	0.60706820
267.99998153	0.59774850
268.49998150	0.59774850
268.99998146	0.58839810
269.49998143	0.58839810
269.99998139	0.59774850
270.49998136	0.59774850
270.99998132	0.59774850
271.49998129	0.59774850
271.99998125	0.59774850
272.49998122	0.59774850
272.99998119	0.59774850
273.49998115	0.60706820
273.99998112	0.59774850
274.49998108	0.59774850
274.99998105	0.59774850
275.49998101	0.60706820
275.99998098	0.60706820
276.49998094	0.60706820
276.99998091	0.60706820
277.49998088	0.61641850
277.99998084	0.60706820
278.49998081	0.60706820
278.99998077	0.61641850
279.49998074	0.60706820
279.99998070	0.60706820
280.49998067	0.60706820
280.99998063	0.61641850
281.49998060	0.61641850
281.99998057	0.60706820
282.49998053	0.61641850
282.99998050	0.60706820
283.49998046	0.61641850
283.99998043	0.62573820
284.49998039	0.61641850
284.99998036	0.61641850
285.49998032	0.61641850
285.99998029	0.61641850
286.49998026	0.61641850
286.99998022	0.61641850
287.49998019	0.62573820
287.99998015	0.61641850
288.49998012	0.62573820
288.99998008	0.62573820
289.49998005	0.62573820
289.99998001	0.62573820
290.49997998	0.62573820
290.99997994	0.63508860
291.49997991	0.63508860
291.99997988	0.62573820
292.49997984	0.63508860
292.99997981	0.62573820
293.49997977	0.63508860
293.99997974	0.62573820
294.49997970	0.63508860
294.99997967	0.64443900
295.49997963	0.63508860
295.99997960	0.63508860
296.49997957	0.62573820
296.99997953	0.63508860
297.49997950	0.63508860
297.99997946	0.63508860
298.49997943	0.63508860
298.99997939	0.64443900
299.49997936	0.63508860
299.99997932	0.64443900
300.49997929	0.63508860
300.99997926	0.63508860
301.49997922	0.62573820
301.99997919	0.64443900
302.49997915	0.64443900
302.99997912	0.65375860
303.49997908	0.64443900
303.99997905	0.64443900
304.49997901	0.66310900
304.99997898	0.65375860
305.49997895	0.64443900
305.99997891	0.65375860
306.49997888	0.64443900
306.99997884	0.64443900
307.49997881	0.65375860
307.99997877	0.65375860
308.49997874	0.65375860
308.99997870	0.64443900
309.49997867	0.65375860
309.99997864	0.65375860
310.49997860	0.66310900
310.99997857	0.65375860
311.49997853	0.65375860
311.99997850	0.66310900
312.49997846	0.65375860
312.99997843	0.66310900
313.49997839	0.66310900
313.99997836	0.65375860
314.49997833	0.66310900
314.99997829	0.66310900
315.49997826	0.66310900
315.99997822	0.66310900
316.49997819	0.66310900
316.99997815	0.66310900
317.49997812	0.66310900
317.99997808	0.66310900
318.49997805	0.67245940
318.99997802	0.66310900
319.49997798	0.67245940
319.99997795	0.67245940
320.49997791	0.67245940
320.99997788	0.67245940
321.49997784	0.67245940
321.99997781	0.66310900
322.49997777	0.67245940
322.99997774	0.67245940
323.49997771	0.67245940
323.99997767	0.67245940
324.49997764	0.68177900
324.99997760	0.68177900
325.49997757	0.67245940
325.99997753	0.69112940
326.49997750	0.68177900
326.99997746	0.68177900
327.49997743	0.68177900
327.99997739	0.68177900
328.49997736	0.68177900
328.99997733	0.69112940
329.49997729	0.68177900
329.99997726	0.67245940
330.49997722	0.69112940
330.99997719	0.68177900
331.49997715	0.69112940
331.99997712	0.69112940
332.49997708	0.69112940
332.99997705	0.69112940
333.49997702	0.69112940
333.99997698	0.69112940
334.49997695	0.72850020
334.99997691	0.69112940
335.49997688	0.70047980
335.99997684	0.69112940
336.49997681	0.70047980
336.99997677	0.69112940
337.49997674	0.70047980
337.99997671	0.70047980
338.49997667	0.70047980
338.99997664	0.70047980
339.49997660	0.70979950
339.99997657	0.70979950
340.49997653	0.70979950
340.99997650	0.70047980
341.49997646	0.71914980
341.99997643	0.70047980
342.49997640	0.70979950
342.99997636	0.70979950
343.49997633	0.70979950
343.99997629	0.70979950
344.49997626	0.70979950
344.99997622	0.70979950
345.49997619	0.70979950
345.99997615	0.70979950
346.49997612	0.70979950
346.99997609	0.70979950
347.49997605	0.70979950
347.99997602	0.70979950
348.49997598	0.71914980
348.99997595	0.70979950
349.49997591	0.70979950
349.99997588	0.71914980
350.49997584	0.72850020
350.99997581	0.70979950
351.49997578	0.72850020
351.99997574	0.71914980
352.49997571	0.72850020
352.99997567	0.72850020
353.49997564	0.70979950
353.99997560	0.71914980
354.49997557	0.71914980
354.99997553	0.72850020
355.49997550	0.71914980
355.99997547	0.72850020
356.49997543	0.72850020
356.99997540	0.73781990
357.49997536	0.72850020
357.99997533	0.72850020
358.49997529	0.73781990
358.99997526	0.72850020
359.49997522	0.72850020
359.99997519	0.73781990
360.49997516	0.73781990
360.99997512	0.73781990
361.49997509	0.73781990
361.99997505	0.73781990
362.49997502	0.73781990
362.99997498	0.73781990
363.49997495	0.74717030
363.99997491	0.74717030
364.49997488	0.74717030
364.99997484	0.77519070
365.49997481	0.73781990
365.99997478	0.74717030
366.49997474	0.74717030
366.99997471	0.74717030
367.49997467	0.73781990
367.99997464	0.74717030
368.49997460	0.74717030
368.99997457	0.75652070
369.49997453	0.74717030
369.99997450	0.75652070
370.49997447	0.75652070
370.99997443	0.76584030
371.49997440	0.75652070
371.99997436	0.75652070
372.49997433	0.76584030
372.99997429	0.76584030
373.49997426	0.76584030
373.99997422	0.75652070
374.49997419	0.76584030
374.99997416	0.75652070
375.49997412	0.76584030
375.99997409	0.76584030
376.49997405	0.76584030
376.99997402	0.76584030
377.49997398	0.76584030
377.99997395	0.75652070
378.49997391	0.77519070
378.99997388	0.76584030
379.49997385	0.76584030
379.99997381	0.77519070
380.49997378	0.77519070
380.99997374	0.77519070
381.49997371	0.76584030
381.99997367	0.82188120
382.49997364	0.77519070
382.99997360	0.77519070
383.49997357	0.77519070
383.99997354	0.76584030
384.49997350	0.77519070
384.99997347	0.77519070
385.49997343	0.78454110
385.99997340	0.78454110
386.49997336	0.79386070
386.99997333	0.78454110
387.49997329	0.78454110
387.99997326	0.78454110
388.49997323	0.77519070
388.99997319	0.78454110
389.49997316	0.76584030
389.99997312	0.78454110
390.49997309	0.78454110
390.99997305	0.78454110
391.49997302	0.79386070
391.99997298	0.79386070
392.49997295	0.78454110
392.99997292	0.78454110
393.49997288	0.79386070
393.99997285	0.79386070
394.49997281	0.79386070
394.99997278	0.79386070
395.49997274	0.80321110
395.99997271	0.79386070
396.49997267	0.78454110
396.99997264	0.80321110
397.49997261	0.79386070
397.99997257	0.80321110
398.49997254	0.80321110
398.99997250	0.80321110
399.49997247	0.80321110
399.99997243	0.80321110
400.49997240	0.79386070
400.99997236	0.80321110
401.49997233	0.81256150
401.99997230	0.81256150
402.49997226	0.81256150
402.99997223	0.81256150
403.49997219	0.81256150
403.99997216	0.81256150
404.49997212	0.81256150
404.99997209	0.82188120
405.49997205	0.81256150
405.99997202	0.81256150
406.49997198	0.81256150
406.99997195	0.81256150
407.49997192	0.80321110
407.99997188	0.81256150
408.49997185	0.81256150
408.99997181	0.81256150
409.49997178	0.82188120
409.99997174	0.83123150
410.49997171	0.83123150
410.99997167	0.82188120
411.49997164	0.04669045
411.99997161	0.01867003
412.49997157	0.00931964
412.99997154	0.83123150
413.49997150	0.00931964
413.99997147	0.01867003
414.49997143	0.02798967
414.99997140	0.00000000
415.49997136	0.83123150
415.99997133	0.84058200
416.49997130	0.83123150
416.99997126	0.84058200
417.49997123	0.84058200
417.99997119	0.83123150
418.49997116	0.84990160
418.99997112	0.81256150
419.49997109	0.84058200
419.99997105	0.84058200
420.49997102	0.84990160
420.99997099	0.84990160
421.49997095	0.84058200
421.99997092	0.82188120
422.49997088	-0.00931964
422.99997085	-0.00931964
423.49997081	-0.00931964
423.99997078	-0.01867003
424.49997074	-0.01867003
424.99997071	-0.00931964
425.49997068	0.00000000
425.99997064	0.00000000
426.49997061	-0.00931964
426.99997057	0.01867003
427.49997054	0.00000000
427.99997050	0.00931964
428.49997047	0.00931964
428.99997043	0.00000000
429.49997040	0.00931964
429.99997037	0.00000000
430.49997033	0.00000000
430.99997030	0.00931964
431.49997026	0.01867003
431.99997023	0.01867003
432.49997019	0.00931964
432.99997016	0.00931964
433.49997012	0.01867003
433.99997009	0.00931964
434.49997006	0.01867003
434.99997002	0.00931964
435.49996999	0.00931964
435.99996995	0.01867003
436.49996992	0.00931964
436.99996988	0.00000000
437.49996985	0.00000000
437.99996981	0.00000000
438.49996978	0.00000000
438.99996975	-0.01867003
439.49996971	0.00000000
439.99996968	0.00000000
440.49996964	0.00000000
440.99996961	0.00000000
441.49996957	-0.01867003
441.99996954	-0.02798967
442.49996950	-0.00931964
442.99996947	-0.02798967
443.49996943	-0.00931964
443.99996940	-0.00931964
444.49996937	-0.02798967
444.99996933	0.00000000
445.49996930	0.00000000
445.99996926	0.00000000
446.49996923	0.00000000
446.99996919	0.00000000
447.49996916	0.00000000
447.99996912	0.00000000
448.49996909	0.00931964
448.99996906	0.00931964
449.49996902	0.00931964
449.99996899	0.00931964
450.49996895	0.00931964
450.99996892	0.01867003
451.49996888	0.00931964
451.99996885	0.00931964
452.49996881	0.00931964
452.99996878	0.01867003
453.49996875	0.02798967
453.99996871	0.02798967
454.49996868	0.01867003
454.99996864	0.00000000
455.49996861	-0.00931964
455.99996857	0.00000000
456.49996854	0.00000000
456.99996850	-0.00931964
457.49996847	0.00000000
457.99996844	0.00000000
458.49996840	0.00000000
458.99996837	-0.00931964
459.49996833	-0.00931964
459.99996830	-0.00931964
460.49996826	-0.01867003
460.99996823	0.00000000
461.49996819	-0.00931964
461.99996816	-0.00931964
462.49996813	0.00000000
462.99996809	-0.00931964
463.49996806	-0.00931964
463.99996802	-0.00931964
464.49996799	-0.00931964
464.99996795	0.00000000
465.49996792	-0.00931964
465.99996788	0.00000000
466.49996785	0.00931964
466.99996782	0.00000000
467.49996778	0.00000000
467.99996775	0.00931964
468.49996771	0.00000000
468.99996768	0.00000000
469.49996764	0.00931964
469.99996761	0.00931964
470.49996757	0.00931964
470.99996754	0.01867003
471.49996751	0.01867003
471.99996747	0.01867003
472.49996744	0.01867003
472.99996740	0.01867003
473.49996737	0.00931964
473.99996733	0.01867003
474.49996730	0.00931964
474.99996726	0.01867003
475.49996723	0.00000000
475.99996720	0.00931964
476.49996716	0.00000000
476.99996713	0.00000000
477.49996709	0.00000000
477.99996706	0.00000000
478.49996702	0.00000000
478.99996699	-0.00931964
479.49996695	-0.00931964
479.99996692	-0.00931964
480.49996688	0.00000000
480.99996685	-0.00931964
481.49996682	-0.01867003
481.99996678	-0.02798967
482.49996675	-0.00931964
482.99996671	-0.01867003
483.49996668	-0.00931964
483.99996664	-0.01867003
484.49996661	-0.00931964
484.99996657	0.00931964
485.49996654	0.00000000
485.99996651	0.00000000
486.49996647	0.00000000
486.99996644	0.00000000
487.49996640	0.00931964
487.99996637	0.00000000
488.49996633	0.00931964
488.99996630	0.01867003
489.49996626	0.01867003
489.99996623	0.00931964
490.49996620	0.00931964
490.99996616	0.00931964
491.49996613	0.01867003
491.99996609	0.01867003
492.49996606	0.00931964
492.99996602	0.01867003
493.49996599	0.01867003
493.99996595	0.00931964
494.49996592	0.00931964
494.99996589	0.00000000
495.49996585	0.00000000
495.99996582	0.00931964
496.49996578	0.00000000
496.99996575	0.00000000
497.49996571	0.00000000
497.99996568	-0.00931964
498.49996564	0.00000000
498.99996561	-0.00931964
499.49996558	-0.00931964
499.99996554	-0.00931964
500.49996551	0.00000000
500.99996547	-0.00931964
501.49996544	-0.01867003
501.99996540	-0.00931964
502.49996537	-0.00931964
502.99996533	-0.00931964
503.49996530	-0.01867003
503.99996527	-0.00931964
504.49996523	-0.00931964
504.99996520	0.00000000
505.49996516	-0.00931964
505.99996513	-0.00931964
506.49996509	0.00000000
506.99996506	0.00931964
507.49996502	0.00000000
507.99996499	0.00000000
508.49996496	0.00000000
508.99996492	0.01867003
509.49996489	0.00931964
509.99996485	0.01867003
510.49996482	0.00000000
510.99996478	0.01867003
511.49996475	0.01867003
511.99996471	0.01867003
512.49996468	0.00931964
512.99996465	0.00931964
513.49996461	0.01867003
513.99996458	0.00931964
514.49996454	0.01867003
514.99996451	0.00000000
515.49996447	0.00931964
515.99996444	0.01867003
516.49996440	0.00000000
516.99996437	0.00000000
517.49996434	0.00931964
517.99996430	0.00000000
518.49996427	0.00000000
518.99996423	0.00000000
519.49996420	-0.00931964
519.99996416	0.00000000
520.49996413	-0.00931964
520.99996409	-0.01867003
521.49996406	-0.00931964
521.99996402	-0.01867003
522.49996399	-0.07471088
522.99996396	-0.00931964
523.49996392	-0.01867003
523.99996389	0.00000000
524.49996385	0.00000000
524.99996382	0.00000000
525.49996378	0.00000000
525.99996375	0.00000000
526.49996371	0.00000000
526.99996368	0.00931964
527.49996365	0.00000000
527.99996361	0.00000000
528.49996358	0.00931964
528.99996354	0.00931964
529.49996351	0.00931964
529.99996347	0.00931964
530.49996344	-0.00931964
530.99996340	0.00931964
531.49996337	0.01867003
531.99996334	0.01867003
532.49996330	0.01867003
532.99996327	0.02798967
533.49996323	0.00931964
533.99996320	0.01867003
534.49996316	0.01867003
534.99996313	0.00931964
535.49996309	0.00931964
535.99996306	0.00931964
536.49996303	0.00931964
536.99996299	0.00000000
537.49996296	0.00000000
537.99996292	0.00000000
538.49996289	-0.00931964
538.99996285	-0.01867003
539.49996282	-0.00931964
539.99996278	0.00000000
540.49996275	-0.00931964
540.99996272	-0.00931964
541.49996268	0.00000000
541.99996265	-0.01867003
542.49996261	0.00000000
542.99996258	-0.01867003
543.49996254	-0.00931964
543.99996251	-0.00931964
544.49996247	-0.00931964
544.99996244	-0.00931964
545.49996241	0.00000000
545.99996237	-0.02798967
546.49996234	0.00000000
546.99996230	0.00931964
547.49996227	0.00000000
547.99996223	0.00000000
548.49996220	0.01867003
548.99996216	0.00931964
549.49996213	0.01867003
549.99996210	0.00931964
550.49996206	0.00931964
550.99996203	0.00931964
551.49996199	0.01867003
551.99996196	0.02798967
552.49996192	0.00000000
552.99996189	0.00931964
553.49996185	0.01867003
553.99996182	0.00931964
554.49996179	0.00931964
554.99996175	0.00000000
555.49996172	0.00931964
555.99996168	0.00000000
556.49996165	0.00000000
556.99996161	0.00000000
557.49996158	0.00000000
557.99996154	0.00000000
558.49996151	-0.00931964
558.99996147	-0.00931964
559.49996144	-0.00931964
559.99996141	0.00000000
560.49996137	-0.00931964
560.99996134	-0.00931964
561.49996130	-0.01867003
561.99996127	-0.00931964
562.49996123	-0.01867003
562.99996120	-0.00931964
563.49996116	-0.01867003
563.99996113	0.00000000
564.49996110	-0.00931964
564.99996106	-0.00931964
565.49996103	-0.00931964
565.99996099	0.00000000
566.49996096	0.00000000
566.99996092	0.00000000
567.49996089	0.00000000
567.99996085	0.00931964
568.49996082	0.00000000
568.99996079	0.00931964
569.49996075	0.00931964
569.99996072	0.00931964
570.49996068	0.00931964
570.99996065	0.01867003
571.49996061	0.01867003
571.99996058	0.01867003
572.49996054	0.01867003
572.99996051	0.01867003
573.49996048	0.01867003
573.99996044	0.01867003
574.49996041	0.01867003
574.99996037	0.00931964
575.49996034	0.00931964
575.99996030	0.00931964
576.49996027	0.00000000
576.99996023	0.00000000
577.49996020	0.00000000
577.99996017	0.00000000
578.49996013	-0.01867003
578.99996010	0.00000000
579.49996006	0.00000000
579.99996003	-0.00931964
580.49995999	0.00000000
580.99995996	-0.00931964
581.49995992	-0.00931964
581.99995989	-0.00931964
582.49995986	-0.00931964
582.99995982	-0.00931964
583.49995979	-0.00931964
583.99995975	-0.00931964
584.49995972	-0.00931964
584.99995968	-0.00931964
585.49995965	0.00000000
585.99995961	0.00000000
586.49995958	0.00931964
586.99995955	0.00000000
587.49995951	0.00931964
587.99995948	0.00931964
588.49995944	0.00931964
588.99995941	0.01867003
589.49995937	0.01867003
589.99995934	0.00931964
590.49995930	0.00931964
590.99995927	0.00931964
591.49995924	0.00931964
591.99995920	0.02798967
592.49995917	0.00931964
592.99995913	0.01867003
593.49995910	0.01867003
593.99995906	0.00931964
594.49995903	0.01867003
594.99995899	0.00931964
595.49995896	0.00000000
595.99995892	0.00931964
596.49995889	0.00931964
596.99995886	0.00000000
597.49995882	0.00931964
597.99995879	0.00000000
598.49995875	0.00000000
598.99995872	-0.00931964
599.49995868	0.00000000
599.99995865	-0.01867003
600.49995861	0.00000000
600.99995858	-0.01867003
601.49995855	-0.00931964
601.99995851	-0.01867003
602.49995848	-0.00931964
602.99995844	-0.00931964
603.49995841	-0.01867003
603.99995837	-0.00931964
604.49995834	-0.00931964
604.99995830	0.00000000
605.49995827	0.00000000
605.99995824	0.00000000
606.49995820	0.00000000
606.99995817	0.00000000
607.49995813	0.00931964
607.99995810	0.00000000
608.49995806	0.00931964
608.99995803	0.00931964
609.49995799	0.00000000
609.99995796	0.00931964
610.49995793	0.01867003
610.99995789	0.00931964
611.49995786	0.01867003
611.99995782	0.01867003
612.49995779	0.00931964
612.99995775	0.00931964
613.49995772	0.00931964
613.99995768	0.01867003
614.49995765	0.01867003
614.99995762	0.00931964
615.49995758	0.00000000
615.99995755	0.00931964
616.49995751	0.00000000
616.99995748	0.00000000
617.49995744	0.00000000
