-383.89997354	0.22413260
-383.39997357	0.21481300
-382.89997361	0.22413260
-382.39997364	0.18679260
-381.89997368	0.22413260
-381.39997371	0.22413260
-380.89997374	0.22413260
-380.39997378	0.21481300
-379.89997381	0.21481300
-379.39997385	0.22413260
-378.89997388	0.24283340
-378.39997392	0.21481300
-377.89997395	0.21481300
-377.39997399	0.22413260
-376.89997402	0.22413260
-376.39997405	0.21481300
-375.89997409	0.21481300
-375.39997412	0.21481300
-374.89997416	0.21481300
-374.39997419	0.22413260
-373.89997423	0.23348300
-373.39997426	0.22413260
-372.89997430	0.22413260
-372.39997433	0.21481300
-371.89997437	0.22413260
-371.39997440	0.22413260
-370.89997443	0.22413260
-370.39997447	0.22413260
-369.89997450	0.21481300
-369.39997454	0.22413260
-368.89997457	0.22413260
-368.39997461	0.22413260
-367.89997464	0.22413260
-367.39997468	0.23348300
-366.89997471	0.21481300
-366.39997474	0.22413260
-365.89997478	0.22413260
-365.39997481	0.22413260
-364.89997485	0.22413260
-364.39997488	0.22413260
-363.89997492	0.22413260
-363.39997495	0.22413260
-362.89997499	0.22413260
-362.39997502	0.23348300
-361.89997505	0.22413260
-361.39997509	0.22413260
-360.89997512	0.21481300
-360.39997516	0.21481300
-359.89997519	0.23348300
-359.39997523	0.22413260
-358.89997526	0.22413260
-358.39997530	0.22413260
-357.89997533	0.21481300
-357.39997536	0.22413260
-356.89997540	0.21481300
-356.39997543	0.22413260
-355.89997547	0.22413260
-355.39997550	0.20546260
-354.89997554	0.22413260
-354.39997557	0.22413260
-353.89997561	0.22413260
-353.39997564	0.22413260
-352.89997567	0.22413260
-352.39997571	0.22413260
-351.89997574	0.22413260
-351.39997578	0.22413260
-350.89997581	0.22413260
-350.39997585	0.22413260
-349.89997588	0.22413260
-349.39997592	0.22413260
-348.89997595	0.22413260
-348.39997598	0.22413260
-347.89997602	0.20546260
-347.39997605	0.22413260
-346.89997609	0.22413260
-346.39997612	0.21481300
-345.89997616	0.21481300
-345.39997619	0.21481300
-344.89997623	0.22413260
-344.39997626	0.22413260
-343.89997629	0.25215300
-343.39997633	0.22413260
-342.89997636	0.22413260
-342.39997640	0.22413260
-341.89997643	0.21481300
-341.39997647	0.21481300
-340.89997650	0.21481300
-340.39997654	0.22413260
-339.89997657	0.22413260
-339.39997660	0.22413260
-338.89997664	0.22413260
-338.39997667	0.21481300
-337.89997671	0.21481300
-337.39997674	0.22413260
-336.89997678	0.22413260
-336.39997681	0.21481300
-335.89997685	0.22413260
-335.39997688	0.22413260
-334.89997692	0.22413260
-334.39997695	0.22413260
-333.89997698	0.21481300
-333.39997702	0.22413260
-332.89997705	0.22413260
-332.39997709	0.22413260
-331.89997712	0.22413260
-331.39997716	0.22413260
-330.89997719	0.21481300
-330.39997723	0.21481300
-329.89997726	0.22413260
-329.39997729	0.22413260
-328.89997733	0.21481300
-328.39997736	0.22413260
-327.89997740	0.22413260
-327.39997743	0.22413260
-326.89997747	0.22413260
-326.39997750	0.21481300
-325.89997754	0.22413260
-325.39997757	0.21481300
-324.89997760	0.21481300
-324.39997764	0.22413260
-323.89997767	0.21481300
-323.39997771	0.22413260
-322.89997774	0.22413260
-322.39997778	0.21481300
-321.89997781	0.22413260
-321.39997785	0.22413260
-320.89997788	0.21481300
-320.39997791	0.22413260
-319.89997795	0.22413260
-319.39997798	0.21481300
-318.89997802	0.22413260
-318.39997805	0.21481300
-317.89997809	0.21481300
-317.39997812	0.21481300
-316.89997816	0.22413260
-316.39997819	0.22413260
-315.89997822	0.22413260
-315.39997826	0.22413260
-314.89997829	0.22413260
-314.39997833	0.22413260
-313.89997836	0.21481300
-313.39997840	0.22413260
-312.89997843	0.22413260
-312.39997847	0.22413260
-311.89997850	0.22413260
-311.39997853	0.22413260
-310.89997857	0.21481300
-310.39997860	0.22413260
-309.89997864	0.21481300
-309.39997867	0.22413260
-308.89997871	0.22413260
-308.39997874	0.22413260
-307.89997878	0.21481300
-307.39997881	0.21481300
-306.89997884	0.21481300
-306.39997888	0.22413260
-305.89997891	0.22413260
-305.39997895	0.21481300
-304.89997898	0.22413260
-304.39997902	0.22413260
-303.89997905	0.21481300
-303.39997909	0.23348300
-302.89997912	0.21481300
-302.39997915	0.22413260
-301.89997919	0.22413260
-301.39997922	0.22413260
-300.89997926	0.22413260
-300.39997929	0.21481300
-299.89997933	0.21481300
-299.39997936	0.21481300
-298.89997940	0.22413260
-298.39997943	0.23348300
-297.89997947	0.22413260
-297.39997950	0.22413260
-296.89997953	0.22413260
-296.39997957	0.21481300
-295.89997960	0.22413260
-295.39997964	0.22413260
-294.89997967	0.22413260
-294.39997971	0.20546260
-293.89997974	0.22413260
-293.39997978	0.22413260
-292.89997981	0.22413260
-292.39997984	0.22413260
-291.89997988	0.22413260
-291.39997991	0.21481300
-290.89997995	0.22413260
-290.39997998	0.22413260
-289.89998002	0.22413260
-289.39998005	0.22413260
-288.89998009	0.21481300
-288.39998012	0.21481300
-287.89998015	0.21481300
-287.39998019	0.22413260
-286.89998022	0.22413260
-286.39998026	0.22413260
-285.89998029	0.22413260
-285.39998033	0.22413260
-284.89998036	0.22413260
-284.39998040	0.22413260
-283.89998043	0.22413260
-283.39998046	0.21481300
-282.89998050	0.22413260
-282.39998053	0.22413260
-281.89998057	0.22413260
-281.39998060	0.21481300
-280.89998064	0.21481300
-280.39998067	0.22413260
-279.89998071	0.22413260
-279.39998074	0.22413260
-278.89998077	0.21481300
-278.39998081	0.22413260
-277.89998084	0.22413260
-277.39998088	0.22413260
-276.89998091	0.21481300
-276.39998095	0.21481300
-275.89998098	0.21481300
-275.39998102	0.22413260
-274.89998105	0.23348300
-274.39998108	0.22413260
-273.89998112	0.22413260
-273.39998115	0.22413260
-272.89998119	0.22413260
-272.39998122	0.22413260
-271.89998126	0.22413260
-271.39998129	0.22413260
-270.89998133	0.21481300
-270.39998136	0.21481300
-269.89998139	0.22413260
-269.39998143	0.21481300
-268.89998146	0.21481300
-268.39998150	0.22413260
-267.89998153	0.22413260
-267.39998157	0.22413260
-266.89998160	0.22413260
-266.39998164	0.22413260
-265.89998167	0.22413260
-265.39998170	0.21481300
-264.89998174	0.22413260
-264.39998177	0.22413260
-263.89998181	0.22413260
-263.39998184	0.21481300
-262.89998188	0.22413260
-262.39998191	0.21481300
-261.89998195	0.22413260
-261.39998198	0.21481300
-260.89998201	0.23348300
-260.39998205	0.21481300
-259.89998208	0.22413260
-259.39998212	0.21481300
-258.89998215	0.22413260
-258.39998219	0.21481300
-257.89998222	0.21481300
-257.39998226	0.22413260
-256.89998229	0.21481300
-256.39998233	0.22413260
-255.89998236	0.22413260
-255.39998239	0.21481300
-254.89998243	0.22413260
-254.39998246	0.22413260
-253.89998250	0.22413260
-253.39998253	0.22413260
-252.89998257	0.21481300
-252.39998260	0.21481300
-251.89998264	0.22413260
-251.39998267	0.22413260
-250.89998270	0.22413260
-250.39998274	0.22413260
-249.89998277	0.25215300
-249.39998281	0.22413260
-248.89998284	0.22413260
-248.39998288	0.22413260
-247.89998291	0.22413260
-247.39998295	0.21481300
-246.89998298	0.22413260
-246.39998301	0.22413260
-245.89998305	0.21481300
-245.39998308	0.21481300
-244.89998312	0.22413260
-244.39998315	0.22413260
-243.89998319	0.22413260
-243.39998322	0.21481300
-242.89998326	0.22413260
-242.39998329	0.21481300
-241.89998332	0.22413260
-241.39998336	0.20546260
-240.89998339	0.21481300
-240.39998343	0.22413260
-239.89998346	0.21481300
-239.39998350	0.23348300
-238.89998353	0.22413260
-238.39998357	0.22413260
-237.89998360	0.21481300
-237.39998363	0.19611220
-236.89998367	0.21481300
-236.39998370	0.21481300
-235.89998374	0.22413260
-235.39998377	0.22413260
-234.89998381	0.22413260
-234.39998384	0.21481300
-233.89998388	0.22413260
-233.39998391	0.22413260
-232.89998394	0.22413260
-232.39998398	0.22413260
-231.89998401	0.21481300
-231.39998405	0.22413260
-230.89998408	0.22413260
-230.39998412	0.22413260
-229.89998415	0.22413260
-229.39998419	0.22413260
-228.89998422	0.22413260
-228.39998425	0.21481300
-227.89998429	0.22413260
-227.39998432	0.23348300
-226.89998436	0.22413260
-226.39998439	0.21481300
-225.89998443	0.22413260
-225.39998446	0.22413260
-224.89998450	0.22413260
-224.39998453	0.22413260
-223.89998456	0.21481300
-223.39998460	0.22413260
-222.89998463	0.23348300
-222.39998467	0.22413260
-221.89998470	0.21481300
-221.39998474	0.22413260
-220.89998477	0.21481300
-220.39998481	0.22413260
-219.89998484	0.22413260
-219.39998488	0.22413260
-218.89998491	0.22413260
-218.39998494	0.21481300
-217.89998498	0.22413260
-217.39998501	0.22413260
-216.89998505	0.22413260
-216.39998508	0.22413260
-215.89998512	0.19611220
-215.39998515	0.21481300
-214.89998519	0.22413260
-214.39998522	0.22413260
-213.89998525	0.22413260
-213.39998529	0.22413260
-212.89998532	0.22413260
-212.39998536	0.22413260
-211.89998539	0.22413260
-211.39998543	0.23348300
-210.89998546	0.22413260
-210.39998550	0.21481300
-209.89998553	0.22413260
-209.39998556	0.22413260
-208.89998560	0.22413260
-208.39998563	0.22413260
-207.89998567	0.21481300
-207.39998570	0.22413260
-206.89998574	0.21481300
-206.39998577	0.22413260
-205.89998581	0.19611220
-205.39998584	0.22413260
-204.89998587	0.22413260
-204.39998591	0.24283340
-203.89998594	0.22413260
-203.39998598	0.22413260
-202.89998601	0.21481300
-202.39998605	0.22413260
-201.89998608	0.22413260
-201.39998612	0.22413260
-200.89998615	0.22413260
-200.39998618	0.22413260
-199.89998622	0.22413260
-199.39998625	0.22413260
-198.89998629	0.22413260
-198.39998632	0.22413260
-197.89998636	0.22413260
-197.39998639	0.22413260
-196.89998643	0.22413260
-196.39998646	0.22413260
-195.89998649	0.22413260
-195.39998653	0.22413260
-194.89998656	0.22413260
-194.39998660	0.22413260
-193.89998663	0.23348300
-193.39998667	0.22413260
-192.89998670	0.23348300
-192.39998674	0.22413260
-191.89998677	0.22413260
-191.39998680	0.23348300
-190.89998684	0.22413260
-190.39998687	0.21481300
-189.89998691	0.21481300
-189.39998694	0.22413260
-188.89998698	0.21481300
-188.39998701	0.22413260
-187.89998705	0.23348300
-187.39998708	0.18679260
-186.89998711	0.22413260
-186.39998715	0.22413260
-185.89998718	0.27085380
-185.39998722	0.22413260
-184.89998725	0.22413260
-184.39998729	0.24283340
-183.89998732	0.23348300
-183.39998736	0.23348300
-182.89998739	0.23348300
-182.39998743	0.22413260
-181.89998746	0.22413260
-181.39998749	0.21481300
-180.89998753	0.22413260
-180.39998756	0.22413260
-179.89998760	0.23348300
-179.39998763	0.22413260
-178.89998767	0.23348300
-178.39998770	0.23348300
-177.89998774	0.22413260
-177.39998777	0.20546260
-176.89998780	0.22413260
-176.39998784	0.23348300
-175.89998787	0.22413260
-175.39998791	0.23348300
-174.89998794	0.22413260
-174.39998798	0.23348300
-173.89998801	0.22413260
-173.39998805	0.22413260
-172.89998808	0.23348300
-172.39998811	0.22413260
-171.89998815	0.22413260
-171.39998818	0.22413260
-170.89998822	0.22413260
-170.39998825	0.23348300
-169.89998829	0.22413260
-169.39998832	0.23348300
-168.89998836	0.22413260
-168.39998839	0.22413260
-167.89998842	0.23348300
-167.39998846	0.23348300
-166.89998849	0.23348300
-166.39998853	0.22413260
-165.89998856	0.22413260
-165.39998860	0.22413260
-164.89998863	0.23348300
-164.39998867	0.23348300
-163.89998870	0.23348300
-163.39998873	0.22413260
-162.89998877	0.23348300
-162.39998880	0.23348300
-161.89998884	0.22413260
-161.39998887	0.22413260
-160.89998891	0.23348300
-160.39998894	0.22413260
-159.89998898	0.23348300
-159.39998901	0.23348300
-158.89998904	0.24283340
-158.39998908	0.23348300
-157.89998911	0.22413260
-157.39998915	0.23348300
-156.89998918	0.23348300
-156.39998922	0.22413260
-155.89998925	0.22413260
-155.39998929	0.23348300
-154.89998932	0.23348300
-154.39998935	0.23348300
-153.89998939	0.24283340
-153.39998942	0.23348300
-152.89998946	0.24283340
-152.39998949	0.22413260
-151.89998953	0.23348300
-151.39998956	0.22413260
-150.89998960	0.23348300
-150.39998963	0.22413260
-149.89998966	0.23348300
-149.39998970	0.23348300
-148.89998973	0.22413260
-148.39998977	0.23348300
-147.89998980	0.22413260
-147.39998984	0.23348300
-146.89998987	0.23348300
-146.39998991	0.23348300
-145.89998994	0.23348300
-145.39998997	0.23348300
-144.89999001	0.23348300
-144.39999004	0.23348300
-143.89999008	0.23348300
-143.39999011	0.26150350
-142.89999015	0.23348300
-142.39999018	0.23348300
-141.89999022	0.22413260
-141.39999025	0.23348300
-140.89999029	0.23348300
-140.39999032	0.23348300
-139.89999035	0.23348300
-139.39999039	0.23348300
-138.89999042	0.24283340
-138.39999046	0.24283340
-137.89999049	0.22413260
-137.39999053	0.23348300
-136.89999056	0.23348300
-136.39999060	0.23348300
-135.89999063	0.26150350
-135.39999066	0.23348300
-134.89999070	0.23348300
-134.39999073	0.19611220
-133.89999077	0.23348300
-133.39999080	0.23348300
-132.89999084	0.23348300
-132.39999087	0.23348300
-131.89999091	0.23348300
-131.39999094	0.23348300
-130.89999097	0.24283340
-130.39999101	0.24283340
-129.89999104	0.24283340
-129.39999108	0.23348300
-128.89999111	0.24283340
-128.39999115	0.23348300
-127.89999118	0.23348300
-127.39999122	0.26150350
-126.89999125	0.23348300
-126.39999128	0.23348300
-125.89999132	0.23348300
-125.39999135	0.24283340
-124.89999139	0.23348300
-124.39999142	0.25215300
-123.89999146	0.24283340
-123.39999149	0.23348300
-122.89999153	0.24283340
-122.39999156	0.22413260
-121.89999159	0.23348300
-121.39999163	0.24283340
-120.89999166	0.24283340
-120.39999170	0.24283340
-119.89999173	0.24283340
-119.39999177	0.24283340
-118.89999180	0.23348300
-118.39999184	0.24283340
-117.89999187	0.24283340
-117.39999190	0.24283340
-116.89999194	0.24283340
-116.39999197	0.24283340
-115.89999201	0.24283340
-115.39999204	0.23348300
-114.89999208	0.24283340
-114.39999211	0.24283340
-113.89999215	0.25215300
-113.39999218	0.24283340
-112.89999221	0.17744220
-112.39999225	0.24283340
-111.89999228	0.24283340
-111.39999232	0.24283340
-110.89999235	0.24283340
-110.39999239	0.24283340
-109.89999242	0.24283340
-109.39999246	0.24283340
-108.89999249	0.24283340
-108.39999252	0.24283340
-107.89999256	0.24283340
-107.39999259	0.27085380
-106.89999263	0.24283340
-106.39999266	0.24283340
-105.89999270	0.24283340
-105.39999273	0.24283340
-104.89999277	0.24283340
-104.39999280	0.25215300
-103.89999284	0.24283340
-103.39999287	0.24283340
-102.89999290	0.28952390
-102.39999294	0.24283340
-101.89999297	0.25215300
-101.39999301	0.21481300
-100.89999304	0.24283340
-100.39999308	0.24283340
-99.89999311	0.24283340
-99.39999315	0.24283340
-98.89999318	0.24283340
-98.39999321	0.24283340
-97.89999325	0.24283340
-97.39999328	0.25215300
-96.89999332	0.25215300
-96.39999335	0.24283340
-95.89999339	0.25215300
-95.39999342	0.25215300
-94.89999346	0.25215300
-94.39999349	0.25215300
-93.89999352	0.25215300
-93.39999356	0.25215300
-92.89999359	0.26150350
-92.39999363	0.24283340
-91.89999366	0.25215300
-91.39999370	0.25215300
-90.89999373	0.24283340
-90.39999377	0.25215300
-89.89999380	0.24283340
-89.39999383	0.24283340
-88.89999387	0.25215300
-88.39999390	0.24283340
-87.89999394	0.25215300
-87.39999397	0.24283340
-86.89999401	0.25215300
-86.39999404	0.25215300
-85.89999408	0.25215300
-85.39999411	0.25215300
-84.89999414	0.25215300
-84.39999418	0.25215300
-83.89999421	0.25215300
-83.39999425	0.25215300
-82.89999428	0.27085380
-82.39999432	0.24283340
-81.89999435	0.24283340
-81.39999439	0.25215300
-80.89999442	0.25215300
-80.39999445	0.25215300
-79.89999449	0.25215300
-79.39999452	0.25215300
-78.89999456	0.24283340
-78.39999459	0.25215300
-77.89999463	0.25215300
-77.39999466	0.25215300
-76.89999470	0.24283340
-76.39999473	0.25215300
-75.89999476	0.26150350
-75.39999480	0.25215300
-74.89999483	0.26150350
-74.39999487	0.25215300
-73.89999490	0.26150350
-73.39999494	0.26150350
-72.89999497	0.26150350
-72.39999501	0.25215300
-71.89999504	0.25215300
-71.39999507	0.25215300
-70.89999511	0.25215300
-70.39999514	0.26150350
-69.89999518	0.25215300
-69.39999521	0.25215300
-68.89999525	0.26150350
-68.39999528	0.25215300
-67.89999532	0.25215300
-67.39999535	0.26150350
-66.89999539	0.26150350
-66.39999542	0.25215300
-65.89999545	0.25215300
-65.39999549	0.26150350
-64.89999552	0.26150350
-64.39999556	0.26150350
-63.89999559	0.26150350
-63.39999563	0.26150350
-62.89999566	0.25215300
-62.39999570	0.26150350
-61.89999573	0.25215300
-61.39999576	0.26150350
-60.89999580	0.25215300
-60.39999583	0.26150350
-59.89999587	0.26150350
-59.39999590	0.26150350
-58.89999594	0.28952390
-58.39999597	0.26150350
-57.89999601	0.26150350
-57.39999604	0.27085380
-56.89999607	0.26150350
-56.39999611	0.26150350
-55.89999614	0.25215300
-55.39999618	0.26150350
-54.89999621	0.26150350
-54.39999625	0.26150350
-53.89999628	0.26150350
-53.39999632	0.26150350
-52.89999635	0.26150350
-52.39999638	0.26150350
-51.89999642	0.27085380
-51.39999645	0.26150350
-50.89999649	0.26150350
-50.39999652	0.26150350
-49.89999656	0.26150350
-49.39999659	0.27085380
-48.89999663	0.26150350
-48.39999666	0.26150350
-47.89999669	0.26150350
-47.39999673	0.27085380
-46.89999676	0.26150350
-46.39999680	0.27085380
-45.89999683	0.26150350
-45.39999687	0.26150350
-44.89999690	0.27085380
-44.39999694	0.27085380
-43.89999697	0.27085380
-43.39999700	0.27085380
-42.89999704	0.27085380
-42.39999707	0.26150350
-41.89999711	0.27085380
-41.39999714	0.27085380
-40.89999718	0.27085380
-40.39999721	0.27085380
-39.89999725	0.27085380
-39.39999728	0.27085380
-38.89999731	0.26150350
-38.39999735	0.27085380
-37.89999738	0.27085380
-37.39999742	0.25215300
-36.89999745	0.27085380
-36.39999749	0.27085380
-35.89999752	0.27085380
-35.39999756	0.27085380
-34.89999759	0.27085380
-34.39999762	0.29887430
-33.89999766	0.27085380
-33.39999769	0.27085380
-32.89999773	0.29887430
-32.39999776	0.27085380
-31.89999780	0.27085380
-31.39999783	0.28017350
-30.89999787	0.28017350
-30.39999790	0.27085380
-29.89999793	0.27085380
-29.39999797	0.27085380
-28.89999800	0.27085380
-28.39999804	0.28017350
-27.89999807	0.27085380
-27.39999811	0.27085380
-26.89999814	0.28017350
-26.39999818	0.27085380
-25.89999821	0.27085380
-25.39999825	0.27085380
-24.89999828	0.28017350
-24.39999831	0.27085380
-23.89999835	0.28017350
-23.39999838	0.27085380
-22.89999842	0.28017350
-22.39999845	0.27085380
-21.89999849	0.27085380
-21.39999852	0.28017350
-20.89999856	0.27085380
-20.39999859	0.28017350
-19.89999862	0.28952390
-19.39999866	0.28017350
-18.89999869	0.28017350
-18.39999873	0.28017350
-17.89999876	0.28952390
-17.39999880	0.28017350
-16.89999883	0.28017350
-16.39999887	0.28017350
-15.89999890	0.28017350
-15.39999893	0.28017350
-14.89999897	0.28017350
-14.39999900	0.28017350
-13.89999904	0.28017350
-13.39999907	0.28017350
-12.89999911	0.28017350
-12.39999914	0.28017350
-11.89999918	0.28017350
-11.39999921	0.28017350
-10.89999924	0.28017350
-10.39999928	0.28017350
-9.89999931	0.28017350
-9.39999935	0.28017350
-8.89999938	0.28017350
-8.39999942	0.28952390
-7.89999945	0.28017350
-7.39999949	0.28017350
-6.89999952	0.29887430
-6.39999955	0.28017350
-5.89999959	0.28952390
-5.39999962	0.28017350
-4.89999966	0.28952390
-4.39999969	0.27085380
-3.89999973	0.29887430
-3.39999976	0.28952390
-2.89999980	0.28017350
-2.39999983	0.28017350
-1.89999986	0.28952390
-1.39999990	0.28952390
-0.89999993	0.28952390
-0.39999997	0.28952390
0.59999996	0.28952390
1.09999993	0.28017350
1.59999989	0.28952390
2.09999986	0.28952390
2.59999983	0.28952390
3.09999979	0.28952390
3.59999976	0.28952390
4.09999972	0.28952390
4.59999969	0.28952390
5.09999965	0.28952390
5.59999962	0.29887430
6.09999958	0.29887430
6.59999955	0.29887430
7.09999952	0.28952390
7.59999948	0.28952390
8.09999945	0.28952390
8.59999941	0.28952390
9.09999938	0.28952390
9.59999934	0.28952390
10.09999931	0.29887430
10.59999927	0.29887430
11.09999924	0.28952390
11.59999920	0.28952390
12.09999917	0.29887430
12.59999914	0.29887430
13.09999910	0.29887430
13.59999907	0.28952390
14.09999903	0.29887430
14.59999900	0.28952390
15.09999896	0.29887430
15.59999893	0.28952390
16.09999889	0.29887430
16.59999886	0.29887430
17.09999883	0.29887430
17.59999879	0.29887430
18.09999876	0.29887430
18.59999872	0.34556470
19.09999869	0.29887430
19.59999865	0.29887430
20.09999862	0.29887430
20.59999858	0.28952390
21.09999855	0.30819390
21.59999852	0.29887430
22.09999848	0.29887430
22.59999845	0.29887430
23.09999841	0.29887430
23.59999838	0.29887430
24.09999834	0.29887430
24.59999831	0.29887430
25.09999827	0.30819390
25.59999824	0.30819390
26.09999821	0.30819390
26.59999817	0.29887430
27.09999814	0.29887430
27.59999810	0.29887430
28.09999807	0.29887430
28.59999803	0.30819390
29.09999800	0.29887430
29.59999796	0.29887430
30.09999793	0.29887430
30.59999790	0.29887430
31.09999786	0.30819390
31.59999783	0.30819390
32.09999779	0.29887430
32.59999776	0.30819390
33.09999772	0.30819390
33.59999769	0.30819390
34.09999765	0.30819390
34.59999762	0.30819390
35.09999759	0.30819390
35.59999755	0.29887430
36.09999752	0.30819390
36.59999748	0.30819390
37.09999745	0.28952390
37.59999741	0.30819390
38.09999738	0.30819390
38.59999734	0.30819390
39.09999731	0.31754430
39.59999728	0.30819390
40.09999724	0.31754430
40.59999721	0.29887430
41.09999717	0.30819390
41.59999714	0.31754430
42.09999710	0.30819390
42.59999707	0.31754430
43.09999703	0.30819390
43.59999700	0.31754430
44.09999697	0.31754430
44.59999693	0.30819390
45.09999690	0.31754430
45.59999686	0.30819390
46.09999683	0.31754430
46.59999679	0.31754430
47.09999676	0.31754430
47.59999672	0.31754430
48.09999669	0.31754430
48.59999665	0.30819390
49.09999662	0.31754430
49.59999659	0.33621430
50.09999655	0.31754430
50.59999652	0.32686390
51.09999648	0.32686390
51.59999645	0.31754430
52.09999641	0.31754430
52.59999638	0.31754430
53.09999634	0.31754430
53.59999631	0.31754430
54.09999628	0.30819390
54.59999624	0.31754430
55.09999621	0.31754430
55.59999617	0.31754430
56.09999614	0.31754430
56.59999610	0.31754430
57.09999607	0.31754430
57.59999603	0.32686390
58.09999600	0.32686390
58.59999597	0.31754430
59.09999593	0.31754430
59.59999590	0.32686390
60.09999586	0.32686390
60.59999583	0.32686390
61.09999579	0.31754430
61.59999576	0.31754430
62.09999572	0.32686390
62.59999569	0.32686390
63.09999566	0.32686390
63.59999562	0.32686390
64.09999559	0.32686390
64.59999555	0.31754430
65.09999552	0.31754430
65.59999548	0.32686390
66.09999545	0.32686390
66.59999541	0.31754430
67.09999538	0.32686390
67.59999535	0.32686390
68.09999531	0.32686390
68.59999528	0.33621430
69.09999524	0.32686390
69.59999521	0.31754430
70.09999517	0.32686390
70.59999514	0.32686390
71.09999510	0.32686390
71.59999507	0.33621430
72.09999504	0.32686390
72.59999500	0.32686390
73.09999497	0.32686390
73.59999493	0.33621430
74.09999490	0.33621430
74.59999486	0.32686390
75.59999479	0.33621430
76.09999476	0.32686390
76.59999473	0.33621430
77.09999469	0.33621430
77.59999466	0.32686390
78.09999462	0.32686390
78.59999459	0.33621430
79.09999455	0.33621430
79.59999452	0.32686390
80.09999448	0.33621430
80.59999445	0.32686390
81.09999442	0.33621430
81.59999438	0.33621430
82.09999435	0.34556470
82.59999431	0.33621430
83.09999428	0.33621430
83.59999424	0.34556470
84.09999421	0.33621430
84.59999417	0.34556470
85.09999414	0.34556470
85.59999410	0.33621430
86.09999407	0.33621430
86.59999404	0.33621430
87.09999400	0.33621430
87.59999397	0.33621430
88.09999393	0.33621430
88.59999390	0.33621430
89.09999386	0.34556470
89.59999383	0.33621430
90.09999379	0.34556470
90.59999376	0.34556470
91.09999373	0.34556470
91.59999369	0.34556470
92.09999366	0.37358510
92.59999362	0.35488440
93.09999359	0.34556470
93.59999355	0.34556470
94.09999352	0.34556470
94.59999348	0.35488440
95.09999345	0.34556470
95.59999342	0.34556470
96.09999338	0.34556470
96.59999335	0.35488440
97.09999331	0.34556470
97.59999328	0.34556470
98.09999324	0.34556470
98.59999321	0.34556470
99.09999317	0.34556470
99.59999314	0.35488440
100.09999311	0.35488440
101.09999304	0.35488440
101.59999300	0.35488440
102.09999297	0.35488440
102.59999293	0.35488440
103.09999290	0.34556470
103.59999286	0.34556470
104.09999283	0.35488440
104.59999280	0.35488440
105.09999276	0.34556470
105.59999273	0.35488440
106.09999269	0.34556470
106.59999266	0.35488440
107.09999262	0.35488440
107.59999259	0.34556470
108.09999255	0.34556470
108.59999252	0.35488440
109.09999249	0.30819390
109.59999245	0.35488440
110.09999242	0.35488440
110.59999238	0.35488440
111.09999235	0.35488440
111.59999231	0.35488440
112.09999228	0.36423470
112.59999224	0.36423470
113.09999221	0.35488440
113.59999218	0.36423470
114.09999214	0.35488440
114.59999211	0.36423470
115.09999207	0.36423470
115.59999204	0.37358510
116.09999200	0.35488440
116.59999197	0.36423470
117.09999193	0.36423470
117.59999190	0.36423470
118.09999187	0.36423470
118.59999183	0.36423470
119.09999180	0.32686390
119.59999176	0.36423470
120.09999173	0.36423470
120.59999169	0.37358510
121.09999166	0.36423470
121.59999162	0.39225520
122.09999159	0.36423470
122.59999156	0.36423470
123.09999152	0.36423470
123.59999149	0.36423470
124.09999145	0.36423470
124.59999142	0.36423470
125.09999138	0.36423470
125.59999135	0.37358510
126.09999131	0.37358510
126.59999128	0.37358510
127.09999124	0.37358510
127.59999121	0.37358510
128.09999118	0.37358510
128.59999114	0.37358510
129.59999107	0.38290480
130.09999104	0.37358510
130.59999100	0.37358510
131.09999097	0.37358510
131.59999093	0.37358510
132.09999090	0.37358510
132.59999087	0.37358510
133.09999083	0.37358510
133.59999080	0.38290480
134.09999076	0.37358510
134.59999073	0.37358510
135.09999069	0.38290480
135.59999066	0.37358510
136.09999062	0.38290480
136.59999059	0.37358510
137.09999056	0.37358510
138.09999049	0.38290480
138.59999045	0.37358510
139.09999042	0.38290480
139.59999038	0.37358510
140.09999035	0.37358510
140.59999031	0.38290480
141.09999028	0.38290480
142.09999021	0.38290480
142.59999018	0.38290480
143.09999014	0.38290480
143.59999011	0.38290480
144.09999007	0.38290480
144.59999004	0.38290480
145.09999000	0.38290480
145.59998997	0.38290480
146.09998994	0.38290480
146.59998990	0.39225520
147.09998987	0.38290480
147.59998983	0.39225520
148.09998980	0.38290480
148.59998976	0.38290480
149.09998973	0.38290480
149.59998969	0.39225520
150.09998966	0.39225520
150.59998963	0.39225520
151.09998959	0.39225520
151.59998956	0.34556470
152.09998952	0.39225520
152.59998949	0.38290480
153.09998945	0.38290480
153.59998942	0.39225520
154.09998938	0.39225520
154.59998935	0.39225520
155.09998932	0.39225520
155.59998928	0.40160550
156.09998925	0.38290480
156.59998921	0.38290480
157.09998918	0.39225520
157.59998914	0.38290480
158.09998911	0.39225520
158.59998907	0.38290480
159.09998904	0.39225520
159.59998901	0.40160550
160.09998897	0.40160550
160.59998894	0.40160550
161.09998890	0.40160550
161.59998887	0.40160550
162.09998883	0.40160550
162.59998880	0.39225520
163.09998876	0.39225520
163.59998873	0.40160550
164.09998869	0.40160550
164.59998866	0.40160550
165.09998863	0.40160550
165.59998859	0.40160550
166.59998852	0.40160550
167.09998849	0.40160550
167.59998845	0.40160550
168.09998842	0.40160550
168.59998838	0.41092520
169.09998835	0.40160550
169.59998832	0.40160550
170.09998828	0.41092520
170.59998825	0.40160550
171.09998821	0.41092520
171.59998818	0.41092520
172.09998814	0.40160550
172.59998811	0.41092520
173.09998807	0.41092520
173.59998804	0.41092520
174.09998801	0.41092520
174.59998797	0.40160550
175.09998794	0.41092520
175.59998790	0.41092520
176.09998787	0.42027560
176.59998783	0.40160550
177.09998780	0.42027560
177.59998776	0.41092520
178.09998773	0.43894560
178.59998770	0.41092520
179.09998766	0.42027560
179.59998763	0.40160550
180.09998759	0.41092520
180.59998756	0.41092520
181.09998752	0.42027560
181.59998749	0.41092520
182.09998745	0.42027560
182.59998742	0.41092520
183.09998739	0.42027560
183.59998735	0.42027560
184.09998732	0.41092520
184.59998728	0.41092520
185.09998725	0.42027560
185.59998721	0.42027560
186.09998718	0.42027560
186.59998714	0.42027560
187.09998711	0.42962600
187.59998708	0.41092520
188.09998704	0.42027560
188.59998701	0.42962600
189.09998697	0.42962600
189.59998694	0.42027560
190.59998687	0.42027560
191.09998683	0.42027560
191.59998680	0.42962600
192.09998677	0.42027560
192.59998673	0.42027560
193.09998670	0.42962600
193.59998666	0.42962600
194.09998663	0.42027560
194.59998659	0.42962600
195.09998656	0.43894560
195.59998652	0.42027560
196.09998649	0.42962600
196.59998646	0.42962600
197.09998642	0.43894560
197.59998639	0.42962600
198.09998635	0.42962600
198.59998632	0.42962600
199.09998628	0.43894560
199.59998625	0.42962600
200.09998621	0.43894560
200.59998618	0.42962600
201.09998614	0.42962600
201.59998611	0.43894560
202.09998608	0.42962600
202.59998604	0.43894560
203.09998601	0.43894560
203.59998597	0.43894560
204.09998594	0.43894560
204.59998590	0.42962600
205.09998587	0.43894560
205.59998583	0.43894560
206.09998580	0.44829600
206.59998577	0.43894560
207.09998573	0.43894560
207.59998570	0.44829600
208.09998566	0.43894560
208.59998563	0.43894560
209.09998559	0.44829600
209.59998556	0.43894560
210.59998549	0.43894560
211.09998546	0.44829600
211.59998542	0.44829600
212.09998539	0.44829600
212.59998535	0.43894560
213.09998532	0.43894560
213.59998528	0.44829600
214.09998525	0.44829600
214.59998521	0.44829600
215.09998518	0.44829600
215.59998515	0.45764640
216.09998511	0.44829600
216.59998508	0.44829600
217.09998504	0.45764640
217.59998501	0.46696600
218.09998497	0.45764640
218.59998494	0.44829600
219.09998490	0.45764640
219.59998487	0.44829600
220.09998484	0.47631640
220.59998480	0.44829600
221.09998477	0.45764640
221.59998473	0.45764640
222.09998470	0.44829600
222.59998466	0.42962600
223.09998463	0.45764640
223.59998459	0.45764640
224.09998456	0.45764640
224.59998453	0.45764640
225.09998449	0.45764640
225.59998446	0.46696600
226.09998442	0.45764640
226.59998439	0.45764640
227.09998435	0.46696600
227.59998432	0.46696600
228.09998428	0.45764640
228.59998425	0.46696600
229.09998422	0.45764640
229.59998418	0.46696600
230.09998415	0.45764640
230.59998411	0.46696600
231.09998408	0.45764640
231.59998404	0.44829600
232.09998401	0.46696600
232.59998397	0.46696600
233.09998394	0.46696600
233.59998391	0.46696600
234.09998387	0.46696600
234.59998384	0.46696600
235.09998380	0.46696600
235.59998377	0.46696600
236.09998373	0.46696600
236.59998370	0.46696600
237.09998366	0.46696600
237.59998363	0.46696600
238.09998360	0.47631640
238.59998356	0.46696600
239.09998353	0.47631640
239.59998349	0.47631640
240.09998346	0.42027560
240.59998342	0.47631640
241.09998339	0.47631640
241.59998335	0.47631640
242.09998332	0.47631640
242.59998328	0.47631640
243.09998325	0.47631640
243.59998322	0.48566680
244.09998318	0.47631640
244.59998315	0.47631640
245.09998311	0.47631640
245.59998308	0.47631640
246.09998304	0.47631640
246.59998301	0.47631640
247.09998297	0.49498650
247.59998294	0.47631640
248.09998291	0.48566680
248.59998287	0.47631640
249.09998284	0.48566680
249.59998280	0.48566680
250.09998277	0.48566680
250.59998273	0.48566680
251.09998270	0.48566680
251.59998266	0.49498650
252.09998263	0.48566680
252.59998260	0.48566680
253.09998256	0.47631640
253.59998253	0.48566680
254.09998249	0.49498650
254.59998246	0.49498650
255.09998242	0.48566680
255.59998239	0.48566680
256.09998235	0.49498650
256.59998232	0.49498650
257.09998229	0.49498650
257.59998225	0.49498650
258.09998222	0.48566680
259.09998215	0.48566680
259.59998211	0.48566680
260.09998208	0.49498650
260.59998204	0.49498650
261.09998201	0.49498650
261.59998198	0.49498650
262.09998194	0.49498650
262.59998191	0.48566680
263.09998187	0.49498650
263.59998184	0.49498650
264.09998180	0.49498650
264.59998177	0.49498650
265.09998173	0.50433680
265.59998170	0.50433680
266.09998167	0.49498650
266.59998163	0.50433680
267.09998160	0.49498650
267.59998156	0.50433680
268.09998153	0.49498650
268.59998149	0.43894560
269.09998146	0.50433680
269.59998142	0.50433680
270.09998139	0.49498650
270.59998136	0.50433680
271.09998132	0.50433680
271.59998129	0.50433680
272.09998125	0.50433680
272.59998122	0.48566680
273.09998118	0.50433680
273.59998115	0.50433680
274.09998111	0.50433680
274.59998108	0.51368730
275.09998105	0.51368730
275.59998101	0.50433680
276.09998098	0.50433680
276.59998094	0.50433680
277.09998091	0.51368730
277.59998087	0.51368730
278.09998084	0.51368730
279.09998077	0.50433680
279.59998073	0.51368730
280.09998070	0.51368730
280.59998067	0.52300690
281.09998063	0.52300690
281.59998060	0.52300690
282.09998056	0.51368730
282.59998053	0.51368730
283.09998049	0.52300690
283.59998046	0.52300690
284.09998042	0.51368730
284.59998039	0.52300690
285.09998036	0.52300690
285.59998032	0.52300690
286.09998029	0.52300690
286.59998025	0.53235730
287.09998022	0.53235730
287.59998018	0.52300690
288.09998015	0.52300690
288.59998011	0.55102730
289.09998008	0.52300690
289.59998005	0.52300690
290.09998001	0.52300690
290.59997998	0.52300690
291.09997994	0.52300690
291.59997991	0.52300690
292.09997987	0.53235730
292.59997984	0.53235730
293.09997980	0.53235730
293.59997977	0.53235730
294.09997974	0.53235730
294.59997970	0.52300690
295.09997967	0.53235730
296.09997960	0.53235730
296.59997956	0.53235730
297.09997953	0.53235730
297.59997949	0.53235730
298.09997946	0.54170770
298.59997943	0.54170770
299.09997939	0.54170770
299.59997936	0.53235730
300.09997932	0.54170770
300.59997929	0.54170770
301.59997922	0.54170770
302.09997918	0.51368730
302.59997915	0.53235730
303.09997912	0.54170770
303.59997908	0.55102730
304.09997905	0.54170770
304.59997901	0.54170770
305.09997898	0.53235730
305.59997894	0.54170770
306.09997891	0.55102730
306.59997887	0.54170770
307.09997884	0.55102730
307.59997881	0.55102730
308.09997877	0.55102730
308.59997874	0.54170770
309.09997870	0.54170770
309.59997867	0.54170770
310.09997863	0.55102730
310.59997860	0.55102730
311.09997856	0.55102730
311.59997853	0.55102730
312.09997850	0.56037770
312.59997846	0.55102730
313.09997843	0.55102730
313.59997839	0.55102730
314.09997836	0.55102730
314.59997832	0.56037770
315.09997829	0.56037770
315.59997825	0.55102730
316.09997822	0.56037770
316.59997818	0.56037770
317.09997815	0.56037770
317.59997812	0.55102730
318.09997808	0.55102730
318.59997805	0.56037770
319.09997801	0.56972810
319.59997798	0.56037770
320.09997794	0.56972810
320.59997791	0.56037770
321.09997787	0.56037770
321.59997784	0.56972810
322.09997781	0.56037770
322.59997777	0.56037770
323.09997774	0.56037770
323.59997770	0.56037770
324.09997767	0.56037770
324.59997763	0.56972810
325.09997760	0.56037770
325.59997756	0.57904770
326.09997753	0.56037770
326.59997750	0.56972810
327.09997746	0.57904770
327.59997743	0.56972810
328.09997739	0.56972810
328.59997736	0.56972810
329.09997732	0.56972810
329.59997729	0.57904770
330.09997725	0.57904770
330.59997722	0.57904770
331.09997719	0.57904770
331.59997715	0.57904770
332.09997712	0.57904770
332.59997708	0.57904770
333.09997705	0.57904770
333.59997701	0.57904770
334.09997698	0.57904770
334.59997694	0.57904770
335.09997691	0.57904770
335.59997688	0.57904770
336.09997684	0.57904770
336.59997681	0.57904770
337.09997677	0.57904770
337.59997674	0.57904770
338.09997670	0.57904770
338.59997667	0.58839810
339.09997663	0.57904770
339.59997660	0.58839810
340.09997657	0.59774850
340.59997653	0.57904770
341.09997650	0.58839810
341.59997646	0.58839810
342.09997643	0.58839810
342.59997639	0.58839810
343.09997636	0.59774850
343.59997632	0.58839810
344.09997629	0.58839810
344.59997626	0.58839810
345.09997622	0.59774850
345.59997619	0.59774850
346.09997615	0.58839810
346.59997612	0.58839810
347.09997608	0.59774850
347.59997605	0.59774850
348.09997601	0.61641850
348.59997598	0.59774850
349.09997595	0.58839810
349.59997591	0.59774850
350.09997588	0.59774850
350.59997584	0.60706820
351.09997581	0.61641850
351.59997577	0.59774850
352.09997574	0.58839810
352.59997570	0.59774850
353.09997567	0.59774850
354.09997560	0.60706820
354.59997557	0.59774850
355.09997553	0.58839810
355.59997550	0.60706820
356.09997546	0.59774850
356.59997543	0.60706820
357.09997539	0.62573820
357.59997536	0.60706820
358.09997532	0.60706820
358.59997529	0.60706820
359.09997526	0.60706820
359.59997522	0.61641850
360.09997519	0.61641850
361.09997512	0.60706820
361.59997508	0.60706820
362.09997505	0.60706820
362.59997501	0.61641850
363.09997498	0.60706820
363.59997495	0.61641850
364.09997491	0.61641850
364.59997488	0.61641850
365.59997481	0.60706820
366.09997477	0.61641850
366.59997474	0.61641850
367.09997470	0.61641850
367.59997467	0.61641850
368.09997464	0.61641850
368.59997460	0.62573820
369.09997457	0.61641850
369.59997453	0.61641850
370.09997450	0.61641850
370.59997446	0.62573820
371.09997443	0.62573820
371.59997439	0.61641850
372.09997436	0.62573820
372.59997433	0.63508860
373.09997429	0.63508860
373.59997426	0.62573820
374.09997422	0.62573820
374.59997419	0.62573820
375.09997415	0.62573820
375.59997412	0.63508860
376.09997408	0.62573820
376.59997405	0.62573820
377.09997402	0.63508860
377.59997398	0.62573820
378.09997395	0.62573820
378.59997391	0.63508860
379.09997388	0.65375860
379.59997384	0.63508860
380.09997381	0.63508860
380.59997377	0.63508860
381.09997374	0.63508860
381.59997371	0.64443900
382.09997367	0.63508860
382.59997364	0.65375860
383.09997360	0.64443900
383.59997357	0.63508860
384.09997353	0.64443900
384.59997350	0.64443900
385.09997346	0.64443900
385.59997343	0.64443900
386.09997340	0.64443900
386.59997336	0.64443900
387.09997333	0.65375860
387.59997329	0.65375860
388.09997326	0.64443900
388.59997322	0.65375860
389.09997319	0.64443900
389.59997315	0.65375860
390.09997312	0.64443900
390.59997309	0.65375860
391.09997305	0.65375860
391.59997302	0.65375860
392.09997298	0.65375860
392.59997295	0.65375860
393.09997291	0.65375860
393.59997288	0.65375860
394.09997284	0.65375860
394.59997281	0.66310900
395.09997277	0.65375860
395.59997274	0.65375860
396.09997271	0.66310900
396.59997267	0.65375860
397.09997264	0.66310900
397.59997260	0.66310900
398.59997253	0.66310900
399.09997250	0.65375860
399.59997246	0.66310900
400.09997243	0.67245940
400.59997240	0.67245940
401.09997236	0.66310900
401.59997233	0.67245940
402.09997229	0.66310900
402.59997226	0.67245940
403.09997222	0.66310900
403.59997219	0.67245940
404.09997215	0.66310900
404.59997212	0.65375860
405.09997209	0.67245940
405.59997205	0.67245940
406.09997202	0.68177900
406.59997198	0.67245940
407.09997195	0.67245940
407.59997191	0.68177900
408.09997188	0.68177900
408.59997184	0.67245940
409.09997181	0.67245940
409.59997178	0.68177900
410.09997174	0.67245940
410.59997171	0.66310900
411.09997167	0.68177900
411.59997164	0.67245940
412.09997160	0.69112940
412.59997157	0.68177900
413.09997153	0.68177900
413.59997150	0.68177900
414.09997147	0.68177900
414.59997143	0.68177900
415.09997140	0.67245940
415.59997136	0.68177900
416.09997133	0.68177900
416.59997129	0.68177900
417.09997126	0.69112940
417.59997122	0.69112940
418.09997119	0.69112940
418.59997116	0.69112940
419.09997112	0.68177900
419.59997109	0.68177900
420.09997105	0.68177900
421.09997098	0.70047980
421.59997095	0.70047980
422.09997091	0.69112940
422.59997088	0.69112940
423.09997085	0.69112940
423.59997081	0.69112940
424.09997078	0.69112940
424.59997074	0.70047980
425.09997071	0.69112940
425.59997067	0.70047980
426.09997064	0.70047980
426.59997060	0.70047980
427.09997057	0.70047980
427.59997054	0.69112940
428.09997050	0.70047980
428.59997047	0.70047980
429.09997043	0.70979950
429.59997040	0.70979950
430.09997036	0.70979950
430.59997033	0.70047980
431.09997029	0.70979950
432.09997022	0.72850020
432.59997019	0.70979950
433.09997016	0.70979950
433.59997012	0.70979950
434.09997009	0.70979950
434.59997005	0.70979950
435.09997002	0.70979950
435.59996998	0.70979950
436.09996995	0.70979950
436.59996991	0.70979950
437.09996988	0.70979950
437.59996985	0.70047980
438.09996981	0.71914980
438.59996978	0.70979950
439.09996974	0.71914980
439.59996971	0.71914980
440.09996967	0.71914980
440.59996964	0.70979950
441.09996960	0.72850020
441.59996957	0.72850020
442.59996950	0.72850020
443.09996947	0.70979950
443.59996943	0.72850020
444.09996940	0.72850020
444.59996936	0.71914980
445.09996933	0.71914980
445.59996929	0.72850020
446.09996926	0.72850020
447.09996919	0.72850020
448.09996912	0.73781990
448.59996909	0.72850020
449.09996905	0.72850020
449.59996902	0.73781990
451.59996888	0.73781990
452.09996885	0.72850020
452.59996881	0.73781990
453.59996874	0.73781990
454.09996871	0.73781990
454.59996867	0.73781990
455.09996864	0.74717030
455.59996861	0.73781990
456.09996857	0.73781990
459.09996836	0.73781990
459.59996833	0.74717030
460.09996830	0.75652070
461.09996823	0.75652070
462.09996816	0.74717030
463.09996809	0.75652070
463.59996805	0.74717030
464.09996802	0.75652070
464.59996799	0.75652070
465.09996795	0.75652070
465.59996792	0.75652070
466.09996788	0.75652070
466.59996785	0.75652070
467.09996781	0.73781990
467.59996778	0.75652070
468.09996774	0.76584030
468.59996771	0.76584030
469.09996767	0.75652070
469.59996764	0.76584030
470.09996761	0.75652070
470.59996757	0.76584030
471.09996754	0.76584030
471.59996750	0.76584030
472.09996747	0.76584030
473.09996740	0.76584030
474.09996733	0.76584030
474.59996730	0.76584030
475.09996726	0.77519070
475.59996723	0.76584030
476.09996719	0.77519070
476.59996716	0.78454110
477.09996712	0.77519070
477.59996709	0.77519070
478.09996705	0.77519070
478.59996702	0.77519070
479.09996699	0.78454110
480.09996692	0.78454110
481.09996685	0.77519070
481.59996681	0.77519070
482.09996678	0.78454110
482.59996674	0.79386070
483.09996671	0.78454110
483.59996668	0.78454110
484.09996664	0.78454110
484.59996661	0.78454110
485.09996657	0.78454110
485.59996654	0.78454110
486.09996650	0.78454110
486.59996647	0.78454110
487.09996643	0.78454110
487.59996640	0.78454110
488.09996637	0.79386070
488.59996633	0.79386070
489.09996630	0.79386070
489.59996626	0.79386070
490.09996623	0.80321110
490.59996619	0.79386070
491.09996616	0.80321110
491.59996612	0.80321110
492.09996609	0.79386070
492.59996606	0.80321110
493.09996602	0.79386070
493.59996599	0.79386070
494.09996595	0.80321110
494.59996592	0.80321110
495.09996588	0.81256150
495.59996585	0.80321110
496.09996581	0.80321110
496.59996578	0.80321110
497.09996575	0.80321110
497.59996571	0.81256150
498.09996568	0.81256150
498.59996564	0.80321110
499.09996561	0.81256150
499.59996557	0.82188120
500.09996554	0.81256150
500.59996550	0.81256150
501.09996547	0.82188120
501.59996544	0.81256150
502.09996540	0.81256150
502.59996537	0.81256150
503.09996533	0.81256150
503.59996530	0.80321110
504.09996526	0.82188120
504.59996523	0.81256150
505.09996519	0.82188120
505.59996516	0.81256150
506.09996513	0.82188120
506.59996509	0.82188120
507.09996506	0.82188120
507.59996502	0.81256150
508.09996499	0.82188120
508.59996495	0.82188120
509.09996492	0.44829600
509.59996488	-0.01867003
510.09996485	-0.01867003
510.59996481	-0.00931964
511.09996478	-0.00931964
511.59996475	-0.00931964
512.09996471	-0.00931964
512.59996468	-0.00931964
513.09996464	0.83123150
513.59996461	0.83123150
514.09996457	0.84058200
514.59996454	0.83123150
515.09996450	-0.01867003
515.59996447	0.00931964
516.09996444	0.00000000
516.59996440	0.83123150
517.09996437	0.84058200
517.59996433	0.83123150
518.09996430	0.83123150
518.59996426	0.84058200
519.09996423	0.84990160
519.59996419	0.84058200
520.09996416	0.84058200
520.59996413	0.84058200
521.09996409	0.84058200
521.59996406	0.01867003
522.09996402	0.01867003
522.59996399	0.01867003
523.09996395	0.01867003
523.59996392	-0.00931964
524.09996388	0.00931964
524.59996385	0.00931964
525.09996382	-0.00931964
525.59996378	0.00000000
526.09996375	0.00000000
526.59996371	0.00000000
527.09996368	0.00000000
527.59996364	-0.00931964
528.09996361	-0.00931964
528.59996357	-0.00931964
529.09996354	-0.00931964
529.59996351	-0.00931964
530.09996347	-0.00931964
530.59996344	-0.01867003
531.09996340	-0.00931964
531.59996337	-0.00931964
532.09996333	-0.01867003
532.59996330	-0.01867003
533.09996326	0.00000000
533.59996323	-0.01867003
534.09996320	0.00000000
534.59996316	0.00000000
535.09996313	0.00000000
535.59996309	0.00931964
536.09996306	0.00000000
536.59996302	0.00000000
537.09996299	0.00000000
537.59996295	0.00931964
538.09996292	0.01867003
538.59996289	0.00000000
539.09996285	0.00931964
539.59996282	0.00000000
540.09996278	0.01867003
540.59996275	0.01867003
541.09996271	0.01867003
541.59996268	0.01867003
542.09996264	0.00931964
542.59996261	0.01867003
543.09996258	0.01867003
543.59996254	0.00931964
544.09996251	0.00000000
544.59996247	0.00931964
545.09996244	0.00931964
545.59996240	0.00000000
546.09996237	0.00000000
546.59996233	0.00000000
547.09996230	0.00000000
547.59996226	-0.01867003
548.09996223	-0.00931964
548.59996220	0.00000000
549.09996216	-0.00931964
549.59996213	-0.01867003
550.09996209	-0.00931964
550.59996206	-0.01867003
551.09996202	-0.00931964
551.59996199	-0.01867003
552.09996195	-0.01867003
552.59996192	-0.00931964
553.09996189	-0.01867003
553.59996185	0.00000000
554.09996182	-0.00931964
554.59996178	-0.00931964
555.09996175	0.00000000
555.59996171	0.00000000
556.09996168	0.00000000
556.59996164	0.00931964
557.09996161	0.00000000
557.59996158	0.00931964
558.09996154	0.00931964
558.59996151	0.00000000
559.09996147	0.01867003
559.59996144	0.00931964
560.09996140	0.01867003
560.59996137	0.01867003
561.09996133	0.01867003
561.59996130	0.01867003
562.09996127	0.00931964
562.59996123	0.01867003
563.09996120	0.00931964
563.59996116	0.00000000
564.09996113	0.00931964
564.59996109	0.00931964
565.09996106	0.00000000
565.59996102	0.00000000
566.09996099	0.00000000
566.59996096	0.00000000
567.09996092	0.00000000
567.59996089	-0.00931964
568.09996085	-0.00931964
568.59996082	-0.00931964
569.09996078	-0.01867003
569.59996075	-0.00931964
570.09996071	-0.02798967
570.59996068	-0.01867003
571.09996065	-0.00931964
571.59996061	-0.01867003
572.09996058	-0.02798967
572.59996054	0.00000000
573.09996051	-0.00931964
573.59996047	0.00000000
574.09996044	0.00000000
574.59996040	-0.00931964
575.09996037	0.00000000
575.59996034	0.00000000
576.09996030	0.00000000
576.59996027	0.00931964
577.09996023	0.00931964
577.59996020	0.00000000
578.09996016	0.00931964
578.59996013	0.00000000
579.09996009	0.00931964
579.59996006	0.00931964
580.09996003	0.00931964
580.59995999	0.01867003
581.09995996	0.01867003
581.59995992	0.00931964
582.09995989	0.01867003
582.59995985	0.00931964
583.09995982	0.00931964
583.59995978	0.00000000
584.09995975	0.00931964
584.59995971	0.00931964
585.09995968	0.00931964
585.59995965	-0.00931964
586.09995961	0.00931964
586.59995958	0.00000000
587.09995954	-0.00931964
587.59995951	-0.00931964
588.09995947	0.00000000
588.59995944	-0.00931964
589.09995940	-0.00931964
589.59995937	-0.00931964
590.09995934	-0.00931964
590.59995930	-0.02798967
591.09995927	0.00000000
591.59995923	-0.01867003
592.09995920	-0.01867003
592.59995916	-0.01867003
593.09995913	-0.01867003
593.59995909	0.00000000
594.09995906	-0.00931964
594.59995903	-0.00931964
595.09995899	0.00000000
595.59995896	0.00000000
596.09995892	0.00000000
596.59995889	0.00931964
597.09995885	0.00000000
597.59995882	0.00931964
598.09995878	0.00931964
598.59995875	0.00931964
599.09995872	0.00931964
599.59995868	0.00931964
600.09995865	0.00931964
600.59995861	0.01867003
601.09995858	0.00931964
601.59995854	0.01867003
602.09995851	0.01867003
602.59995847	0.00000000
603.09995844	0.01867003
603.59995841	0.01867003
604.09995837	0.00931964
604.59995834	0.00000000
605.09995830	0.00931964
605.59995827	0.00000000
606.09995823	0.00000000
606.59995820	0.00000000
607.09995816	0.00000000
607.59995813	-0.00931964
608.09995810	-0.00931964
608.59995806	-0.00931964
609.09995803	-0.01867003
609.59995799	-0.01867003
610.09995796	-0.01867003
610.59995792	-0.01867003
611.09995789	-0.00931964
611.59995785	-0.00931964
612.09995782	-0.00931964
612.59995779	-0.00931964
613.09995775	-0.01867003
613.59995772	0.00931964
614.09995768	0.00000000
614.59995765	-0.00931964
615.09995761	0.00000000
615.59995758	0.00000000
616.09995754	0.00931964
616.59995751	0.00000000
617.09995748	0.00931964
617.59995744	0.00931964
