-383.79997354	0.21481300
-383.29997358	0.21481300
-382.79997361	0.21481300
-382.29997364	0.21481300
-381.79997368	0.21481300
-381.29997371	0.22413260
-380.79997375	0.21481300
-380.29997378	0.22413260
-379.79997382	0.21481300
-379.29997385	0.21481300
-378.79997389	0.21481300
-378.29997392	0.21481300
-377.79997395	0.22413260
-377.29997399	0.22413260
-376.79997402	0.22413260
-376.29997406	0.22413260
-375.79997409	0.21481300
-375.29997413	0.21481300
-374.79997416	0.21481300
-374.29997420	0.21481300
-373.79997423	0.21481300
-373.29997426	0.22413260
-372.79997430	0.21481300
-372.29997433	0.21481300
-371.79997437	0.20546260
-371.29997440	0.21481300
-370.79997444	0.23348300
-370.29997447	0.21481300
-369.79997451	0.21481300
-369.29997454	0.21481300
-368.79997457	0.21481300
-368.29997461	0.21481300
-367.79997464	0.21481300
-367.29997468	0.21481300
-366.79997471	0.21481300
-366.29997475	0.22413260
-365.79997478	0.21481300
-365.29997482	0.21481300
-364.79997485	0.21481300
-364.29997488	0.21481300
-363.79997492	0.22413260
-363.29997495	0.21481300
-362.79997499	0.21481300
-362.29997502	0.21481300
-361.79997506	0.21481300
-361.29997509	0.21481300
-360.79997513	0.21481300
-360.29997516	0.21481300
-359.79997519	0.21481300
-359.29997523	0.19611220
-358.79997526	0.21481300
-358.29997530	0.20546260
-357.79997533	0.24283340
-357.29997537	0.20546260
-356.79997540	0.21481300
-356.29997544	0.21481300
-355.79997547	0.22413260
-355.29997550	0.21481300
-354.79997554	0.21481300
-354.29997557	0.21481300
-353.79997561	0.21481300
-353.29997564	0.22413260
-352.79997568	0.22413260
-352.29997571	0.21481300
-351.79997575	0.21481300
-351.29997578	0.21481300
-350.79997581	0.21481300
-350.29997585	0.21481300
-349.79997588	0.21481300
-349.29997592	0.21481300
-348.79997595	0.21481300
-348.29997599	0.21481300
-347.79997602	0.21481300
-347.29997606	0.21481300
-346.79997609	0.20546260
-346.29997613	0.22413260
-345.79997616	0.21481300
-345.29997619	0.19611220
-344.79997623	0.21481300
-344.29997626	0.21481300
-343.79997630	0.21481300
-343.29997633	0.25215300
-342.79997637	0.21481300
-342.29997640	0.21481300
-341.79997644	0.20546260
-341.29997647	0.22413260
-340.79997650	0.21481300
-340.29997654	0.21481300
-339.79997657	0.21481300
-339.29997661	0.21481300
-338.79997664	0.21481300
-338.29997668	0.22413260
-337.79997671	0.21481300
-337.29997675	0.21481300
-336.79997678	0.21481300
-336.29997681	0.21481300
-335.79997685	0.21481300
-335.29997688	0.21481300
-334.79997692	0.21481300
-334.29997695	0.21481300
-333.79997699	0.21481300
-333.29997702	0.21481300
-332.79997706	0.21481300
-332.29997709	0.21481300
-331.79997712	0.21481300
-331.29997716	0.21481300
-330.79997719	0.21481300
-330.29997723	0.21481300
-329.79997726	0.22413260
-329.29997730	0.21481300
-328.79997733	0.21481300
-328.29997737	0.22413260
-327.79997740	0.21481300
-327.29997743	0.22413260
-326.79997747	0.21481300
-326.29997750	0.21481300
-325.79997754	0.22413260
-325.29997757	0.22413260
-324.79997761	0.22413260
-324.29997764	0.21481300
-323.79997768	0.21481300
-323.29997771	0.21481300
-322.79997774	0.22413260
-322.29997778	0.21481300
-321.79997781	0.21481300
-321.29997785	0.21481300
-320.79997788	0.21481300
-320.29997792	0.21481300
-319.79997795	0.21481300
-319.29997799	0.22413260
-318.79997802	0.21481300
-318.29997805	0.21481300
-317.79997809	0.21481300
-317.29997812	0.21481300
-316.79997816	0.21481300
-316.29997819	0.22413260
-315.79997823	0.21481300
-315.29997826	0.21481300
-314.79997830	0.21481300
-314.29997833	0.22413260
-313.79997836	0.22413260
-313.29997840	0.21481300
-312.79997843	0.21481300
-312.29997847	0.21481300
-311.79997850	0.21481300
-311.29997854	0.21481300
-310.79997857	0.21481300
-310.29997861	0.25215300
-309.79997864	0.21481300
-309.29997867	0.21481300
-308.79997871	0.21481300
-308.29997874	0.21481300
-307.79997878	0.21481300
-307.29997881	0.20546260
-306.79997885	0.22413260
-306.29997888	0.22413260
-305.79997892	0.21481300
-305.29997895	0.21481300
-304.79997899	0.21481300
-304.29997902	0.25215300
-303.79997905	0.21481300
-303.29997909	0.21481300
-302.79997912	0.23348300
-302.29997916	0.21481300
-301.79997919	0.21481300
-301.29997923	0.21481300
-300.79997926	0.21481300
-300.29997930	0.21481300
-299.79997933	0.21481300
-299.29997936	0.21481300
-298.79997940	0.21481300
-298.29997943	0.21481300
-297.79997947	0.22413260
-297.29997950	0.21481300
-296.79997954	0.21481300
-296.29997957	0.21481300
-295.79997961	0.21481300
-295.29997964	0.21481300
-294.79997967	0.21481300
-294.29997971	0.22413260
-293.79997974	0.21481300
-293.29997978	0.21481300
-292.79997981	0.21481300
-292.29997985	0.20546260
-291.79997988	0.20546260
-291.29997992	0.21481300
-290.79997995	0.22413260
-290.29997998	0.23348300
-289.79998002	0.21481300
-289.29998005	0.21481300
-288.79998009	0.21481300
-288.29998012	0.21481300
-287.79998016	0.21481300
-287.29998019	0.21481300
-286.79998023	0.21481300
-286.29998026	0.21481300
-285.79998029	0.22413260
-285.29998033	0.22413260
-284.79998036	0.21481300
-284.29998040	0.21481300
-283.79998043	0.21481300
-283.29998047	0.21481300
-282.79998050	0.22413260
-282.29998054	0.21481300
-281.79998057	0.21481300
-281.29998060	0.23348300
-280.79998064	0.21481300
-280.29998067	0.21481300
-279.79998071	0.21481300
-279.29998074	0.21481300
-278.79998078	0.22413260
-278.29998081	0.20546260
-277.79998085	0.22413260
-277.29998088	0.21481300
-276.79998091	0.20546260
-276.29998095	0.21481300
-275.79998098	0.21481300
-275.29998102	0.22413260
-274.79998105	0.21481300
-274.29998109	0.21481300
-273.79998112	0.21481300
-273.29998116	0.21481300
-272.79998119	0.21481300
-272.29998122	0.21481300
-271.79998126	0.22413260
-271.29998129	0.21481300
-270.79998133	0.21481300
-270.29998136	0.22413260
-269.79998140	0.23348300
-269.29998143	0.20546260
-268.79998147	0.21481300
-268.29998150	0.21481300
-267.79998154	0.21481300
-267.29998157	0.21481300
-266.79998160	0.21481300
-266.29998164	0.21481300
-265.79998167	0.22413260
-265.29998171	0.21481300
-264.79998174	0.21481300
-264.29998178	0.22413260
-263.79998181	0.21481300
-263.29998185	0.21481300
-262.79998188	0.21481300
-262.29998191	0.21481300
-261.79998195	0.21481300
-261.29998198	0.21481300
-260.79998202	0.22413260
-260.29998205	0.21481300
-259.79998209	0.22413260
-259.29998212	0.22413260
-258.79998216	0.22413260
-258.29998219	0.21481300
-257.79998222	0.21481300
-257.29998226	0.22413260
-256.79998229	0.21481300
-256.29998233	0.21481300
-255.79998236	0.21481300
-255.29998240	0.22413260
-254.79998243	0.22413260
-254.29998247	0.22413260
-253.79998250	0.22413260
-253.29998253	0.22413260
-252.79998257	0.22413260
-252.29998260	0.21481300
-251.79998264	0.22413260
-251.29998267	0.22413260
-250.79998271	0.21481300
-250.29998274	0.21481300
-249.79998278	0.22413260
-249.29998281	0.22413260
-248.79998284	0.22413260
-248.29998288	0.21481300
-247.79998291	0.22413260
-247.29998295	0.22413260
-246.79998298	0.22413260
-246.29998302	0.21481300
-245.79998305	0.22413260
-245.29998309	0.20546260
-244.79998312	0.21481300
-244.29998315	0.22413260
-243.79998319	0.21481300
-243.29998322	0.21481300
-242.79998326	0.21481300
-242.29998329	0.21481300
-241.79998333	0.21481300
-241.29998336	0.21481300
-240.79998340	0.20546260
-240.29998343	0.21481300
-239.79998346	0.21481300
-239.29998350	0.22413260
-238.79998353	0.21481300
-238.29998357	0.21481300
-237.79998360	0.21481300
-237.29998364	0.22413260
-236.79998367	0.22413260
-236.29998371	0.21481300
-235.79998374	0.21481300
-235.29998377	0.21481300
-234.79998381	0.22413260
-234.29998384	0.22413260
-233.79998388	0.21481300
-233.29998391	0.21481300
-232.79998395	0.22413260
-232.29998398	0.21481300
-231.79998402	0.21481300
-231.29998405	0.22413260
-230.79998409	0.23348300
-230.29998412	0.22413260
-229.79998415	0.22413260
-229.29998419	0.21481300
-228.79998422	0.21481300
-228.29998426	0.21481300
-227.79998429	0.22413260
-227.29998433	0.21481300
-226.79998436	0.21481300
-226.29998440	0.23348300
-225.79998443	0.21481300
-225.29998446	0.21481300
-224.79998450	0.21481300
-224.29998453	0.21481300
-223.79998457	0.21481300
-223.29998460	0.21481300
-222.79998464	0.22413260
-222.29998467	0.21481300
-221.79998471	0.21481300
-221.29998474	0.21481300
-220.79998477	0.21481300
-220.29998481	0.21481300
-219.79998484	0.25215300
-219.29998488	0.21481300
-218.79998491	0.22413260
-218.29998495	0.22413260
-217.79998498	0.21481300
-217.29998502	0.21481300
-216.79998505	0.21481300
-216.29998508	0.21481300
-215.79998512	0.22413260
-215.29998515	0.21481300
-214.79998519	0.22413260
-214.29998522	0.22413260
-213.79998526	0.22413260
-213.29998529	0.21481300
-212.79998533	0.21481300
-212.29998536	0.22413260
-211.79998539	0.22413260
-211.29998543	0.22413260
-210.79998546	0.22413260
-210.29998550	0.22413260
-209.79998553	0.22413260
-209.29998557	0.22413260
-208.79998560	0.22413260
-208.29998564	0.22413260
-207.79998567	0.22413260
-207.29998570	0.22413260
-206.79998574	0.22413260
-206.29998577	0.22413260
-205.79998581	0.20546260
-205.29998584	0.22413260
-204.79998588	0.21481300
-204.29998591	0.22413260
-203.79998595	0.22413260
-203.29998598	0.16809180
-202.79998601	0.22413260
-202.29998605	0.22413260
-201.79998608	0.22413260
-201.29998612	0.22413260
-200.79998615	0.22413260
-200.29998619	0.22413260
-199.79998622	0.22413260
-199.29998626	0.22413260
-198.79998629	0.22413260
-198.29998632	0.22413260
-197.79998636	0.21481300
-197.29998639	0.22413260
-196.79998643	0.21481300
-196.29998646	0.22413260
-195.79998650	0.22413260
-195.29998653	0.22413260
-194.79998657	0.22413260
-194.29998660	0.22413260
-193.79998663	0.23348300
-193.29998667	0.22413260
-192.79998670	0.22413260
-192.29998674	0.23348300
-191.79998677	0.21481300
-191.29998681	0.22413260
-190.79998684	0.22413260
-190.29998688	0.22413260
-189.79998691	0.22413260
-189.29998695	0.21481300
-188.79998698	0.22413260
-188.29998701	0.21481300
-187.79998705	0.22413260
-187.29998708	0.21481300
-186.79998712	0.22413260
-186.29998715	0.22413260
-185.79998719	0.22413260
-185.29998722	0.22413260
-184.79998726	0.22413260
-184.29998729	0.22413260
-183.79998732	0.22413260
-183.29998736	0.22413260
-182.79998739	0.23348300
-182.29998743	0.22413260
-181.79998746	0.21481300
-181.29998750	0.22413260
-180.79998753	0.23348300
-180.29998757	0.23348300
-179.79998760	0.22413260
-179.29998763	0.22413260
-178.79998767	0.23348300
-178.29998770	0.22413260
-177.79998774	0.22413260
-177.29998777	0.22413260
-176.79998781	0.23348300
-176.29998784	0.22413260
-175.79998788	0.22413260
-175.29998791	0.22413260
-174.79998794	0.23348300
-174.29998798	0.22413260
-173.79998801	0.22413260
-173.29998805	0.23348300
-172.79998808	0.21481300
-172.29998812	0.23348300
-171.79998815	0.22413260
-171.29998819	0.23348300
-170.79998822	0.22413260
-170.29998825	0.22413260
-169.79998829	0.22413260
-169.29998832	0.23348300
-168.79998836	0.23348300
-168.29998839	0.23348300
-167.79998843	0.23348300
-167.29998846	0.23348300
-166.79998850	0.22413260
-166.29998853	0.22413260
-165.79998856	0.22413260
-165.29998860	0.22413260
-164.79998863	0.21481300
-164.29998867	0.22413260
-163.79998870	0.22413260
-163.29998874	0.22413260
-162.79998877	0.23348300
-162.29998881	0.23348300
-161.79998884	0.22413260
-161.29998887	0.22413260
-160.79998891	0.23348300
-160.29998894	0.23348300
-159.79998898	0.22413260
-159.29998901	0.22413260
-158.79998905	0.23348300
-158.29998908	0.22413260
-157.79998912	0.23348300
-157.29998915	0.23348300
-156.79998918	0.23348300
-156.29998922	0.22413260
-155.79998925	0.22413260
-155.29998929	0.23348300
-154.79998932	0.23348300
-154.29998936	0.26150350
-153.79998939	0.23348300
-153.29998943	0.23348300
-152.79998946	0.23348300
-152.29998950	0.24283340
-151.79998953	0.22413260
-151.29998956	0.23348300
-150.79998960	0.23348300
-150.29998963	0.18679260
-148.79998974	0.22413260
-148.29998977	0.23348300
-147.79998981	0.24283340
-147.29998984	0.20546260
-146.79998987	0.23348300
-146.29998991	0.23348300
-145.79998994	0.26150350
-145.29998998	0.23348300
-144.79999001	0.23348300
-144.29999005	0.25215300
-143.79999008	0.23348300
-143.29999012	0.23348300
-142.79999015	0.23348300
-142.29999018	0.23348300
-141.79999022	0.23348300
-141.29999025	0.24283340
-140.79999029	0.23348300
-140.29999032	0.28017350
-139.79999036	0.23348300
-139.29999039	0.24283340
-138.79999043	0.24283340
-138.29999046	0.23348300
-137.79999049	0.23348300
-137.29999053	0.24283340
-136.79999056	0.23348300
-136.29999060	0.24283340
-135.79999063	0.24283340
-135.29999067	0.21481300
-134.79999070	0.23348300
-134.29999074	0.23348300
-133.79999077	0.24283340
-133.29999080	0.23348300
-132.79999084	0.23348300
-132.29999087	0.23348300
-131.79999091	0.23348300
-131.29999094	0.24283340
-130.79999098	0.24283340
-130.29999101	0.26150350
-129.79999105	0.24283340
-129.29999108	0.23348300
-128.79999111	0.28017350
-128.29999115	0.24283340
-127.79999118	0.24283340
-127.29999122	0.23348300
-126.79999125	0.23348300
-126.29999129	0.24283340
-125.79999132	0.24283340
-125.29999136	0.23348300
-124.79999139	0.24283340
-124.29999142	0.24283340
-123.79999146	0.24283340
-123.29999149	0.24283340
-122.79999153	0.24283340
-122.29999156	0.23348300
-121.79999160	0.24283340
-121.29999163	0.24283340
-120.79999167	0.24283340
-120.29999170	0.25215300
-119.79999173	0.25215300
-119.29999177	0.24283340
-118.79999180	0.24283340
-118.29999184	0.25215300
-117.79999187	0.24283340
-117.29999191	0.27085380
-116.79999194	0.25215300
-116.29999198	0.24283340
-115.79999201	0.28952390
-115.29999205	0.24283340
-114.79999208	0.25215300
-114.29999211	0.24283340
-113.79999215	0.24283340
-113.29999218	0.24283340
-112.79999222	0.24283340
-112.29999225	0.24283340
-111.79999229	0.24283340
-111.29999232	0.24283340
-110.79999236	0.25215300
-110.29999239	0.25215300
-109.79999242	0.26150350
-109.29999246	0.24283340
-108.79999249	0.24283340
-108.29999253	0.24283340
-107.79999256	0.25215300
-107.29999260	0.25215300
-106.79999263	0.24283340
-106.29999267	0.25215300
-105.79999270	0.24283340
-105.29999273	0.25215300
-104.79999277	0.24283340
-104.29999280	0.25215300
-103.79999284	0.24283340
-103.29999287	0.24283340
-102.79999291	0.25215300
-102.29999294	0.24283340
-101.79999298	0.25215300
-101.29999301	0.24283340
-100.79999304	0.25215300
-100.29999308	0.24283340
-99.79999311	0.24283340
-99.29999315	0.25215300
-98.79999318	0.24283340
-98.29999322	0.24283340
-97.79999325	0.25215300
-97.29999329	0.25215300
-96.79999332	0.25215300
-96.29999335	0.25215300
-95.79999339	0.25215300
-95.29999342	0.25215300
-94.79999346	0.25215300
-94.29999349	0.25215300
-93.79999353	0.25215300
-93.29999356	0.25215300
-92.79999360	0.25215300
-92.29999363	0.25215300
-91.79999366	0.26150350
-91.29999370	0.25215300
-90.79999373	0.25215300
-90.29999377	0.25215300
-89.79999380	0.26150350
-89.29999384	0.25215300
-88.79999387	0.26150350
-88.29999391	0.25215300
-87.79999394	0.25215300
-87.29999397	0.25215300
-86.79999401	0.25215300
-86.29999404	0.26150350
-85.79999408	0.25215300
-85.29999411	0.25215300
-84.79999415	0.25215300
-84.29999418	0.25215300
-83.79999422	0.26150350
-83.29999425	0.26150350
-82.79999428	0.25215300
-82.29999432	0.25215300
-81.79999435	0.26150350
-81.29999439	0.26150350
-80.79999442	0.25215300
-80.29999446	0.27085380
-79.79999449	0.26150350
-79.29999453	0.26150350
-78.79999456	0.25215300
-78.29999459	0.25215300
-77.79999463	0.26150350
-77.29999466	0.26150350
-76.79999470	0.26150350
-76.29999473	0.26150350
-75.79999477	0.26150350
-75.29999480	0.26150350
-74.79999484	0.25215300
-74.29999487	0.26150350
-73.79999491	0.26150350
-73.29999494	0.26150350
-72.79999497	0.26150350
-72.29999501	0.25215300
-71.79999504	0.25215300
-71.29999508	0.26150350
-70.79999511	0.26150350
-70.29999515	0.25215300
-69.79999518	0.26150350
-69.29999522	0.25215300
-68.79999525	0.26150350
-68.29999528	0.26150350
-67.79999532	0.26150350
-67.29999535	0.26150350
-66.79999539	0.26150350
-66.29999542	0.27085380
-65.79999546	0.26150350
-65.29999549	0.26150350
-64.79999553	0.26150350
-64.29999556	0.26150350
-63.79999559	0.26150350
-63.29999563	0.27085380
-62.79999566	0.26150350
-62.29999570	0.26150350
-61.79999573	0.25215300
-61.29999577	0.26150350
-60.79999580	0.25215300
-60.29999584	0.27085380
-59.79999587	0.27085380
-59.29999590	0.27085380
-58.79999594	0.27085380
-58.29999597	0.27085380
-57.79999601	0.27085380
-57.29999604	0.26150350
-56.79999608	0.26150350
-56.29999611	0.26150350
-55.79999615	0.27085380
-55.29999618	0.27085380
-54.79999621	0.28017350
-54.29999625	0.26150350
-53.79999628	0.26150350
-53.29999632	0.27085380
-52.79999635	0.27085380
-52.29999639	0.27085380
-51.79999642	0.27085380
-51.29999646	0.26150350
-50.79999649	0.27085380
-50.29999652	0.27085380
-49.79999656	0.27085380
-49.29999659	0.31754430
-48.79999663	0.27085380
-48.29999666	0.28017350
-47.79999670	0.27085380
-47.29999673	0.28017350
-46.79999677	0.27085380
-46.29999680	0.27085380
-45.79999683	0.26150350
-45.29999687	0.26150350
-44.79999690	0.27085380
-44.29999694	0.27085380
-43.79999697	0.27085380
-43.29999701	0.28017350
-42.79999704	0.27085380
-42.29999708	0.27085380
-41.79999711	0.28017350
-41.29999714	0.27085380
-40.79999718	0.27085380
-40.29999721	0.28017350
-39.79999725	0.28017350
-39.29999728	0.27085380
-38.79999732	0.27085380
-38.29999735	0.27085380
-37.79999739	0.27085380
-37.29999742	0.27085380
-36.79999746	0.28017350
-36.29999749	0.28017350
-35.79999752	0.28017350
-35.29999756	0.28017350
-34.79999759	0.28017350
-34.29999763	0.27085380
-33.79999766	0.28017350
-33.29999770	0.28017350
-32.79999773	0.28017350
-32.29999777	0.28952390
-31.79999780	0.21481300
-31.29999783	0.27085380
-30.79999787	0.28017350
-30.29999790	0.28017350
-29.79999794	0.28017350
-29.29999797	0.29887430
-28.79999801	0.28017350
-28.29999804	0.28017350
-27.79999808	0.28017350
-27.29999811	0.29887430
-26.79999814	0.24283340
-26.29999818	0.28952390
-25.79999821	0.28017350
-25.29999825	0.27085380
-24.79999828	0.28017350
-24.29999832	0.28017350
-23.79999835	0.29887430
-23.29999839	0.28952390
-22.79999842	0.28017350
-22.29999845	0.28017350
-21.79999849	0.28017350
-21.29999852	0.28952390
-20.79999856	0.28017350
-20.29999859	0.28017350
-19.79999863	0.28017350
-19.29999866	0.28017350
-18.79999870	0.28017350
-18.29999873	0.28952390
-17.79999876	0.28952390
-17.29999880	0.28017350
-16.79999883	0.28952390
-16.29999887	0.28952390
-15.79999890	0.28017350
-15.29999894	0.28952390
-14.79999897	0.28952390
-14.29999901	0.28952390
-13.79999904	0.28952390
-13.29999907	0.28952390
-12.79999911	0.28952390
-12.29999914	0.28952390
-11.79999918	0.28952390
-11.29999921	0.28952390
-10.79999925	0.29887430
-10.29999928	0.29887430
-9.79999932	0.28952390
-9.29999935	0.28952390
-8.79999938	0.28952390
-8.29999942	0.29887430
-7.79999945	0.28952390
-7.29999949	0.28952390
-6.79999952	0.28952390
-6.29999956	0.28952390
-5.79999959	0.28952390
-5.29999963	0.28952390
-4.79999966	0.30819390
-4.29999969	0.28952390
-3.79999973	0.30819390
-3.29999976	0.28952390
-2.79999980	0.29887430
-2.29999983	0.29887430
-1.79999987	0.28952390
-1.29999990	0.29887430
-0.79999994	0.28952390
-0.29999997	0.29887430
0.19999999	0.34556470
0.69999996	0.29887430
1.19999993	0.29887430
1.69999989	0.28952390
2.19999986	0.28952390
2.69999982	0.28952390
3.19999979	0.28952390
3.69999975	0.29887430
4.19999972	0.29887430
4.69999968	0.29887430
5.19999965	0.29887430
5.69999962	0.29887430
6.19999958	0.29887430
6.69999955	0.29887430
7.19999951	0.29887430
7.69999948	0.24283340
8.19999944	0.29887430
8.69999941	0.30819390
9.19999937	0.30819390
9.69999934	0.29887430
10.19999931	0.29887430
10.69999927	0.30819390
11.19999924	0.29887430
11.69999920	0.29887430
12.19999917	0.30819390
12.69999913	0.29887430
13.19999910	0.30819390
13.69999906	0.30819390
14.19999903	0.29887430
14.69999900	0.29887430
15.19999896	0.28952390
15.69999893	0.31754430
16.19999889	0.30819390
16.69999886	0.29887430
17.19999882	0.29887430
17.69999879	0.30819390
18.19999875	0.30819390
18.69999872	0.30819390
19.19999869	0.30819390
19.69999865	0.30819390
20.19999862	0.30819390
20.69999858	0.30819390
21.19999855	0.31754430
21.69999851	0.30819390
22.19999848	0.30819390
22.69999844	0.31754430
23.19999841	0.30819390
23.69999838	0.30819390
24.19999834	0.30819390
24.69999831	0.29887430
25.19999827	0.30819390
25.69999824	0.30819390
26.19999820	0.30819390
26.69999817	0.33621430
27.19999813	0.30819390
27.69999810	0.30819390
28.19999807	0.31754430
28.69999803	0.30819390
29.19999800	0.30819390
29.69999796	0.32686390
30.19999793	0.31754430
30.69999789	0.31754430
31.19999786	0.31754430
31.69999782	0.31754430
32.19999779	0.31754430
32.69999776	0.31754430
33.19999772	0.31754430
33.69999769	0.31754430
34.19999765	0.31754430
34.69999762	0.31754430
35.19999758	0.31754430
35.69999755	0.31754430
36.19999751	0.32686390
36.69999748	0.31754430
37.19999744	0.31754430
37.69999741	0.31754430
38.19999738	0.31754430
38.69999734	0.31754430
39.19999731	0.32686390
39.69999727	0.32686390
40.19999724	0.31754430
40.69999720	0.31754430
41.19999717	0.32686390
41.69999713	0.32686390
42.19999710	0.32686390
42.69999707	0.31754430
43.19999703	0.31754430
43.69999700	0.33621430
44.19999696	0.32686390
44.69999693	0.32686390
45.19999689	0.31754430
45.69999686	0.32686390
46.19999682	0.31754430
46.69999679	0.31754430
47.19999676	0.32686390
47.69999672	0.32686390
48.19999669	0.32686390
48.69999665	0.32686390
49.19999662	0.32686390
49.69999658	0.32686390
50.19999655	0.32686390
50.69999651	0.32686390
51.19999648	0.32686390
51.69999645	0.32686390
52.19999641	0.32686390
52.69999638	0.32686390
53.19999634	0.32686390
53.69999631	0.33621430
54.19999627	0.33621430
54.69999624	0.32686390
55.19999620	0.33621430
55.69999617	0.26150350
56.19999614	0.32686390
56.69999610	0.32686390
57.19999607	0.33621430
57.69999603	0.33621430
58.19999600	0.33621430
58.69999596	0.32686390
59.19999593	0.29887430
59.69999589	0.33621430
60.19999586	0.33621430
60.69999583	0.32686390
61.19999579	0.33621430
61.69999576	0.33621430
62.19999572	0.33621430
62.69999569	0.34556470
63.19999565	0.34556470
63.69999562	0.33621430
64.19999558	0.33621430
64.69999555	0.33621430
65.19999552	0.33621430
65.69999548	0.32686390
66.19999545	0.33621430
66.69999541	0.33621430
67.19999538	0.34556470
67.69999534	0.33621430
68.19999531	0.33621430
68.69999527	0.34556470
69.19999524	0.33621430
69.69999521	0.34556470
70.19999517	0.34556470
70.69999514	0.32686390
71.19999510	0.33621430
71.69999507	0.34556470
72.19999503	0.33621430
72.69999500	0.34556470
73.19999496	0.34556470
73.69999493	0.34556470
74.19999490	0.34556470
74.69999486	0.34556470
75.19999483	0.33621430
75.69999479	0.35488440
76.19999476	0.34556470
76.69999472	0.34556470
77.19999469	0.35488440
77.69999465	0.34556470
78.19999462	0.34556470
78.69999458	0.34556470
79.19999455	0.34556470
79.69999452	0.34556470
80.19999448	0.35488440
80.69999445	0.34556470
81.19999441	0.35488440
81.69999438	0.34556470
82.19999434	0.34556470
82.69999431	0.35488440
83.19999427	0.35488440
83.69999424	0.35488440
84.19999421	0.33621430
84.69999417	0.35488440
85.19999414	0.35488440
85.69999410	0.35488440
86.19999407	0.35488440
86.69999403	0.34556470
87.19999400	0.35488440
87.69999396	0.35488440
88.19999393	0.35488440
88.69999390	0.36423470
89.19999386	0.35488440
89.69999383	0.35488440
90.19999379	0.35488440
90.69999376	0.35488440
91.19999372	0.35488440
91.69999369	0.36423470
92.19999365	0.35488440
92.69999362	0.35488440
93.19999359	0.35488440
93.69999355	0.36423470
94.19999352	0.35488440
94.69999348	0.36423470
95.19999345	0.36423470
95.69999341	0.35488440
96.19999338	0.36423470
96.69999334	0.35488440
97.19999331	0.35488440
97.69999328	0.19611220
98.19999324	0.36423470
98.69999321	0.36423470
99.19999317	0.36423470
99.69999314	0.37358510
100.19999310	0.35488440
100.69999307	0.36423470
101.19999303	0.36423470
101.69999300	0.37358510
102.19999297	0.36423470
102.69999293	0.36423470
103.19999290	0.35488440
103.69999286	0.36423470
104.19999283	0.36423470
104.69999279	0.37358510
105.19999276	0.36423470
105.69999272	0.35488440
106.19999269	0.37358510
106.69999266	0.37358510
107.19999262	0.37358510
107.69999259	0.36423470
108.19999255	0.36423470
108.69999252	0.40160550
109.19999248	0.37358510
109.69999245	0.37358510
110.19999241	0.37358510
110.69999238	0.37358510
111.19999235	0.37358510
111.69999231	0.37358510
112.19999228	0.37358510
112.69999224	0.37358510
113.19999221	0.33621430
113.69999217	0.37358510
114.19999214	0.37358510
114.69999210	0.37358510
115.19999207	0.38290480
115.69999203	0.38290480
116.19999200	0.37358510
116.69999197	0.37358510
117.19999193	0.38290480
117.69999190	0.38290480
118.19999186	0.38290480
118.69999183	0.38290480
119.19999179	0.38290480
119.69999176	0.38290480
120.19999172	0.39225520
120.69999169	0.38290480
121.19999166	0.38290480
121.69999162	0.38290480
122.19999159	0.38290480
122.69999155	0.38290480
123.19999152	0.38290480
123.69999148	0.38290480
124.19999145	0.38290480
124.69999141	0.38290480
125.19999138	0.39225520
125.69999135	0.41092520
126.19999131	0.39225520
126.69999128	0.38290480
127.19999124	0.38290480
127.69999121	0.39225520
128.19999117	0.38290480
128.69999114	0.38290480
129.19999110	0.38290480
129.69999107	0.39225520
130.19999104	0.38290480
130.69999100	0.38290480
131.19999097	0.39225520
131.69999093	0.38290480
132.19999090	0.39225520
132.69999086	0.39225520
133.19999083	0.39225520
133.69999079	0.40160550
134.19999076	0.39225520
134.69999073	0.39225520
135.19999069	0.38290480
135.69999066	0.39225520
136.19999062	0.39225520
136.69999059	0.39225520
137.19999055	0.39225520
137.69999052	0.40160550
138.19999048	0.39225520
138.69999045	0.39225520
139.19999042	0.42027560
139.69999038	0.39225520
140.19999035	0.40160550
140.69999031	0.40160550
141.19999028	0.39225520
141.69999024	0.40160550
142.19999021	0.39225520
142.69999017	0.40160550
143.19999014	0.40160550
143.69999011	0.42962600
144.19999007	0.40160550
144.69999004	0.40160550
145.19999000	0.38290480
145.69998997	0.40160550
146.19998993	0.40160550
146.69998990	0.40160550
147.19998986	0.40160550
147.69998983	0.41092520
148.19998980	0.40160550
148.69998976	0.40160550
149.19998973	0.41092520
149.69998969	0.41092520
150.19998966	0.41092520
150.69998962	0.40160550
151.19998959	0.41092520
151.69998955	0.41092520
152.19998952	0.41092520
152.69998948	0.40160550
153.19998945	0.41092520
153.69998942	0.41092520
154.19998938	0.41092520
154.69998935	0.42027560
155.19998931	0.42962600
155.69998928	0.41092520
156.19998924	0.40160550
156.69998921	0.42027560
157.19998917	0.41092520
157.69998914	0.41092520
158.19998911	0.42027560
158.69998907	0.41092520
159.19998904	0.42027560
159.69998900	0.42027560
160.19998897	0.41092520
160.69998893	0.42027560
161.19998890	0.41092520
161.69998886	0.42027560
162.19998883	0.42027560
162.69998880	0.41092520
163.19998876	0.42027560
163.69998873	0.41092520
164.19998869	0.42027560
164.69998866	0.41092520
165.19998862	0.42027560
165.69998859	0.44829600
166.19998855	0.41092520
166.69998852	0.42027560
167.19998849	0.42027560
167.69998845	0.42027560
168.19998842	0.41092520
168.69998838	0.42027560
169.19998835	0.42962600
169.69998831	0.42962600
170.19998828	0.42962600
170.69998824	0.41092520
171.19998821	0.42962600
171.69998818	0.42027560
172.19998814	0.42962600
172.69998811	0.42962600
173.19998807	0.42962600
173.69998804	0.42027560
174.19998800	0.42962600
174.69998797	0.42962600
175.19998793	0.42027560
175.69998790	0.42027560
176.19998787	0.42027560
176.69998783	0.42962600
177.19998780	0.42027560
177.69998776	0.42962600
178.19998773	0.43894560
178.69998769	0.46696600
179.19998766	0.42962600
179.69998762	0.42962600
180.19998759	0.42962600
180.69998756	0.42962600
181.19998752	0.42962600
181.69998749	0.42962600
182.19998745	0.43894560
182.69998742	0.42962600
183.19998738	0.43894560
183.69998735	0.42962600
184.19998731	0.42962600
184.69998728	0.43894560
185.19998725	0.43894560
185.69998721	0.43894560
186.19998718	0.42962600
186.69998714	0.43894560
187.19998711	0.42962600
187.69998707	0.43894560
188.19998704	0.43894560
188.69998700	0.44829600
189.19998697	0.43894560
189.69998694	0.44829600
190.19998690	0.44829600
190.69998687	0.43894560
191.19998683	0.44829600
191.69998680	0.43894560
192.19998676	0.44829600
192.69998673	0.44829600
193.19998669	0.44829600
193.69998666	0.44829600
194.19998662	0.44829600
194.69998659	0.44829600
195.19998656	0.44829600
195.69998652	0.44829600
196.19998649	0.45764640
196.69998645	0.43894560
197.19998642	0.44829600
197.69998638	0.44829600
198.19998635	0.45764640
198.69998631	0.44829600
199.19998628	0.44829600
199.69998625	0.44829600
200.19998621	0.43894560
200.69998618	0.45764640
201.19998614	0.45764640
201.69998611	0.46696600
202.19998607	0.44829600
202.69998604	0.44829600
203.19998600	0.45764640
203.69998597	0.45764640
204.19998594	0.45764640
204.69998590	0.45764640
205.19998587	0.44829600
205.69998583	0.45764640
206.19998580	0.45764640
206.69998576	0.45764640
207.19998573	0.42962600
207.69998569	0.45764640
208.19998566	0.45764640
208.69998563	0.45764640
209.19998559	0.46696600
209.69998556	0.46696600
210.19998552	0.42962600
210.69998549	0.45764640
211.19998545	0.45764640
211.69998542	0.46696600
212.19998538	0.45764640
212.69998535	0.01867003
213.19998532	0.46696600
213.69998528	0.46696600
214.19998525	0.46696600
214.69998521	0.45764640
215.19998518	0.48566680
215.69998514	0.45764640
216.19998511	0.47631640
216.69998507	0.46696600
217.19998504	0.47631640
217.69998501	0.46696600
218.19998497	0.46696600
218.69998494	0.46696600
219.19998490	0.46696600
219.69998487	0.46696600
220.19998483	0.47631640
220.69998480	0.46696600
221.19998476	0.46696600
221.69998473	0.47631640
222.19998470	0.47631640
222.69998466	0.47631640
223.19998463	0.47631640
223.69998459	0.46696600
224.19998456	0.47631640
224.69998452	0.47631640
225.19998449	0.47631640
225.69998445	0.49498650
226.19998442	0.47631640
226.69998439	0.47631640
227.19998435	0.47631640
227.69998432	0.48566680
228.19998428	0.47631640
228.69998425	0.48566680
229.19998421	0.47631640
229.69998418	0.47631640
230.19998414	0.49498650
230.69998411	0.48566680
231.19998407	0.47631640
231.69998404	0.48566680
232.19998401	0.48566680
232.69998397	0.48566680
233.19998394	0.48566680
233.69998390	0.48566680
234.19998387	0.47631640
234.69998383	0.00931964
235.19998380	0.00000000
235.69998376	0.48566680
236.19998373	0.48566680
236.69998370	0.48566680
237.19998366	0.49498650
237.69998363	0.49498650
238.19998359	0.49498650
238.69998356	0.49498650
239.19998352	0.48566680
239.69998349	0.48566680
240.19998345	0.49498650
240.69998342	0.49498650
241.19998339	0.50433680
241.69998335	0.49498650
242.19998332	0.49498650
242.69998328	0.49498650
243.19998325	0.49498650
243.69998321	0.49498650
244.19998318	0.49498650
244.69998314	0.50433680
245.19998311	0.49498650
245.69998308	0.49498650
246.19998304	0.50433680
246.69998301	0.50433680
247.19998297	0.49498650
247.69998294	0.50433680
248.19998290	0.50433680
248.69998287	0.50433680
249.19998283	0.50433680
249.69998280	0.49498650
250.19998277	0.50433680
250.69998273	0.49498650
251.19998270	0.51368730
251.69998266	0.51368730
252.19998263	0.50433680
252.69998259	0.51368730
253.19998256	0.51368730
253.69998252	0.50433680
254.19998249	0.50433680
254.69998246	0.51368730
255.19998242	0.50433680
255.69998239	0.51368730
256.19998235	0.50433680
256.69998232	0.51368730
257.19998228	0.51368730
257.69998225	0.50433680
258.19998221	0.51368730
258.69998218	0.51368730
259.19998215	0.51368730
259.69998211	0.54170770
260.19998208	0.51368730
260.69998204	0.51368730
261.19998201	0.51368730
261.69998197	0.51368730
262.19998194	0.52300690
262.69998190	0.51368730
263.19998187	0.51368730
263.69998184	0.52300690
264.19998180	0.48566680
264.69998177	0.52300690
265.19998173	0.53235730
265.69998170	0.53235730
266.19998166	0.52300690
266.69998163	0.52300690
267.19998159	0.52300690
267.69998156	0.52300690
268.19998152	0.52300690
268.69998149	0.52300690
269.19998146	0.52300690
269.69998142	0.52300690
270.19998139	0.52300690
270.69998135	0.52300690
271.19998132	0.52300690
271.69998128	0.53235730
272.19998125	0.52300690
272.69998121	0.53235730
273.19998118	0.52300690
273.69998115	0.53235730
274.19998111	0.53235730
274.69998108	0.52300690
275.19998104	0.53235730
275.69998101	0.46696600
276.19998097	0.53235730
276.69998094	0.53235730
277.19998090	0.53235730
277.69998087	0.53235730
278.19998084	0.53235730
278.69998080	0.53235730
279.19998077	0.54170770
279.69998073	0.53235730
280.19998070	0.53235730
280.69998066	0.52300690
281.19998063	0.55102730
281.69998059	0.54170770
282.19998056	0.54170770
282.69998053	0.54170770
283.19998049	0.54170770
283.69998046	0.53235730
284.19998042	0.54170770
284.69998039	0.54170770
285.19998035	0.54170770
285.69998032	0.54170770
286.19998028	0.54170770
286.69998025	0.54170770
287.19998022	0.54170770
287.69998018	0.55102730
288.19998015	0.55102730
288.69998011	0.55102730
289.19998008	0.54170770
289.69998004	0.55102730
290.19998001	0.55102730
290.69997997	0.55102730
291.19997994	0.55102730
291.69997991	0.54170770
292.19997987	0.55102730
292.69997984	0.55102730
293.19997980	0.55102730
293.69997977	0.55102730
294.19997973	0.54170770
294.69997970	0.56037770
295.19997966	0.55102730
295.69997963	0.55102730
296.19997960	0.55102730
296.69997956	0.55102730
297.19997953	0.50433680
297.69997949	0.56037770
298.19997946	0.55102730
298.69997942	0.56037770
299.19997939	0.56037770
299.69997935	0.56037770
300.19997932	0.56037770
300.69997929	0.56037770
301.19997925	0.56972810
301.69997922	0.56037770
302.19997918	0.56037770
302.69997915	0.56037770
303.19997911	0.56972810
303.69997908	0.56037770
304.19997904	0.56037770
304.69997901	0.56972810
305.19997897	0.56972810
305.69997894	0.56972810
306.19997891	0.55102730
306.69997887	0.56037770
307.19997884	0.56972810
307.69997880	0.56972810
308.19997877	0.56972810
308.69997873	0.57904770
309.19997870	0.56972810
309.69997866	0.56972810
310.19997863	0.57904770
310.69997860	0.56972810
311.19997856	0.56972810
311.69997853	0.56972810
312.19997849	0.57904770
312.69997846	0.56972810
313.19997842	0.57904770
313.69997839	0.57904770
314.19997835	0.57904770
314.69997832	0.57904770
315.19997829	0.57904770
315.69997825	0.57904770
316.19997822	0.57904770
316.69997818	0.58839810
317.19997815	0.57904770
317.69997811	0.57904770
318.19997808	0.57904770
318.69997804	0.58839810
319.19997801	0.57904770
319.69997798	0.58839810
320.19997794	0.58839810
320.69997791	0.57904770
321.19997787	0.59774850
321.69997784	0.59774850
322.19997780	0.58839810
322.69997777	0.58839810
323.19997773	0.58839810
323.69997770	0.59774850
324.19997767	0.58839810
324.69997763	0.58839810
325.19997760	0.58839810
325.69997756	0.58839810
326.19997753	0.59774850
326.69997749	0.58839810
327.19997746	0.59774850
327.69997742	0.58839810
328.19997739	0.58839810
328.69997736	0.59774850
329.19997732	0.59774850
329.69997729	0.58839810
330.19997725	0.59774850
330.69997722	0.59774850
331.19997718	0.59774850
331.69997715	0.59774850
332.19997711	0.60706820
332.69997708	0.60706820
333.19997705	0.58839810
333.69997701	0.59774850
334.19997698	0.60706820
334.69997694	0.60706820
335.19997691	0.60706820
335.69997687	0.59774850
336.19997684	0.60706820
337.69997674	0.60706820
338.19997670	0.60706820
338.69997667	0.60706820
339.19997663	0.60706820
339.69997660	0.60706820
340.19997656	0.61641850
340.69997653	0.60706820
341.19997649	0.60706820
341.69997646	0.61641850
342.19997643	0.61641850
342.69997639	0.60706820
343.19997636	0.61641850
343.69997632	0.61641850
344.19997629	0.61641850
344.69997625	0.61641850
345.19997622	0.61641850
345.69997618	0.61641850
346.19997615	0.61641850
346.69997611	0.62573820
347.19997608	0.61641850
347.69997605	0.61641850
348.19997601	0.62573820
348.69997598	0.62573820
349.19997594	0.61641850
349.69997591	0.61641850
350.19997587	0.62573820
350.69997584	0.62573820
351.19997580	0.62573820
351.69997577	0.62573820
352.19997574	0.62573820
352.69997570	0.63508860
353.69997563	0.62573820
354.19997560	0.62573820
354.69997556	0.60706820
355.19997553	0.62573820
355.69997549	0.62573820
356.19997546	0.63508860
356.69997543	0.62573820
357.19997539	0.62573820
357.69997536	0.63508860
358.19997532	0.63508860
358.69997529	0.63508860
359.19997525	0.63508860
359.69997522	0.62573820
360.19997518	0.63508860
360.69997515	0.63508860
361.19997512	0.66310900
361.69997508	0.62573820
362.19997505	0.63508860
362.69997501	0.63508860
363.19997498	0.63508860
363.69997494	0.64443900
364.19997491	0.64443900
364.69997487	0.64443900
365.19997484	0.64443900
365.69997481	0.64443900
366.19997477	0.64443900
366.69997474	0.64443900
367.19997470	0.64443900
367.69997467	0.64443900
368.19997463	0.65375860
368.69997460	0.64443900
369.19997456	0.65375860
369.69997453	0.64443900
370.19997450	0.64443900
370.69997446	0.65375860
371.19997443	0.65375860
371.69997439	0.65375860
372.19997436	0.65375860
372.69997432	0.65375860
373.19997429	0.65375860
373.69997425	0.65375860
374.19997422	0.66310900
374.69997419	0.04669045
375.19997415	0.65375860
375.69997412	0.65375860
376.19997408	0.65375860
376.69997405	0.64443900
377.19997401	0.66310900
377.69997398	0.65375860
378.19997394	0.66310900
378.69997391	0.66310900
379.19997388	0.66310900
379.69997384	0.66310900
380.19997381	0.67245940
380.69997377	0.66310900
381.19997374	0.66310900
381.69997370	0.67245940
382.19997367	0.66310900
382.69997363	0.67245940
383.19997360	0.66310900
383.69997356	0.67245940
384.19997353	0.67245940
384.69997350	0.66310900
385.19997346	0.67245940
385.69997343	0.67245940
386.19997339	0.67245940
386.69997336	0.67245940
387.19997332	0.67245940
387.69997329	0.67245940
388.19997325	0.67245940
388.69997322	0.67245940
389.19997319	0.68177900
389.69997315	0.68177900
390.19997312	0.67245940
390.69997308	0.68177900
391.19997305	0.68177900
391.69997301	0.68177900
392.19997298	0.67245940
392.69997294	0.68177900
393.19997291	0.67245940
393.69997288	0.67245940
394.19997284	0.69112940
394.69997281	0.69112940
395.19997277	0.68177900
395.69997274	0.68177900
396.19997270	0.68177900
396.69997267	0.69112940
397.19997263	0.68177900
397.69997260	0.68177900
398.19997257	0.69112940
398.69997253	0.68177900
399.19997250	0.70047980
399.69997246	0.70979950
400.19997243	0.69112940
400.69997239	0.69112940
401.19997236	0.69112940
401.69997232	0.69112940
402.19997229	0.70047980
402.69997226	0.70047980
403.19997222	0.68177900
403.69997219	0.69112940
404.19997215	0.69112940
404.69997212	0.69112940
405.19997208	0.70047980
405.69997205	0.69112940
406.19997201	0.69112940
407.19997195	0.70047980
407.69997191	0.70979950
408.19997188	0.70047980
408.69997184	0.70979950
409.19997181	0.70047980
409.69997177	0.70047980
410.19997174	0.70047980
411.19997167	0.70979950
411.69997164	0.70979950
412.19997160	0.70047980
412.69997157	0.70979950
413.19997153	0.70979950
413.69997150	0.70979950
414.19997146	0.70047980
414.69997143	0.70979950
415.19997139	0.70979950
415.69997136	0.72850020
416.19997133	0.70047980
416.69997129	0.71914980
417.19997126	0.70979950
417.69997122	0.70979950
418.19997119	0.71914980
418.69997115	0.72850020
419.19997112	0.71914980
419.69997108	0.71914980
420.19997105	0.71914980
420.69997101	0.72850020
421.19997098	0.72850020
422.69997088	0.71914980
423.19997084	0.71914980
423.69997081	0.72850020
424.19997077	0.73781990
424.69997074	0.72850020
425.19997070	0.72850020
425.69997067	0.72850020
426.19997064	0.72850020
427.19997057	0.72850020
428.69997046	0.73781990
430.69997033	0.73781990
431.19997029	0.72850020
431.69997026	0.74717030
432.19997022	0.73781990
432.69997019	0.73781990
433.19997015	0.73781990
433.69997012	0.73781990
434.19997008	0.73781990
434.69997005	0.73781990
435.19997002	0.73781990
435.69996998	0.74717030
438.69996977	0.74717030
439.19996974	0.74717030
439.69996971	0.70047980
440.19996967	0.75652070
440.69996964	0.75652070
441.19996960	0.74717030
441.69996957	0.75652070
442.19996953	0.75652070
442.69996950	0.75652070
443.19996946	0.75652070
443.69996943	0.74717030
444.19996940	0.75652070
444.69996936	0.75652070
445.19996933	0.75652070
445.69996929	0.71914980
446.19996926	0.75652070
446.69996922	0.75652070
447.19996919	0.76584030
447.69996915	0.76584030
451.19996891	0.76584030
451.69996888	0.76584030
452.19996884	0.76584030
452.69996881	0.76584030
453.19996878	0.76584030
453.69996874	0.77519070
454.19996871	0.76584030
454.69996867	0.77519070
455.19996864	0.76584030
455.69996860	0.77519070
456.19996857	0.77519070
456.69996853	0.77519070
457.19996850	0.77519070
457.69996847	0.77519070
458.19996843	0.77519070
460.69996826	0.77519070
461.69996819	0.77519070
462.19996815	0.77519070
462.69996812	0.78454110
463.19996809	0.78454110
463.69996805	0.78454110
464.19996802	0.78454110
464.69996798	0.79386070
465.19996795	0.79386070
465.69996791	0.78454110
466.19996788	0.79386070
466.69996784	0.78454110
467.19996781	0.79386070
467.69996778	0.79386070
468.19996774	0.79386070
468.69996771	0.79386070
469.19996767	0.79386070
469.69996764	0.79386070
470.69996757	0.71914980
471.19996753	0.81256150
471.69996750	0.79386070
474.19996733	0.80321110
474.69996729	0.79386070
475.19996726	0.79386070
475.69996722	0.80321110
476.19996719	0.81256150
476.69996716	0.80321110
477.19996712	0.81256150
477.69996709	0.80321110
478.19996705	0.81256150
478.69996702	0.81256150
479.19996698	0.81256150
479.69996695	0.81256150
480.19996691	0.81256150
480.69996688	0.81256150
481.19996685	0.81256150
481.69996681	0.81256150
482.19996678	0.82188120
482.69996674	0.81256150
483.19996671	0.81256150
483.69996667	0.81256150
484.19996664	0.81256150
484.69996660	0.82188120
485.19996657	0.81256150
485.69996654	0.81256150
486.19996650	0.83123150
486.69996647	0.82188120
487.19996643	0.82188120
487.69996640	0.82188120
488.19996636	0.83123150
488.69996633	0.02798967
489.19996629	0.01867003
489.69996626	0.00931964
490.19996623	0.01867003
490.69996619	0.01867003
491.19996616	0.00931964
491.69996612	0.00931964
492.19996609	0.00000000
492.69996605	0.00931964
493.19996602	0.00931964
493.69996598	0.00931964
494.19996595	0.83123150
494.69996592	0.00931964
495.19996588	-0.00931964
495.69996585	0.00000000
502.19996540	-0.01867003
502.69996536	0.00000000
503.19996533	0.00000000
503.69996529	0.00000000
504.19996526	0.00000000
504.69996523	0.00931964
505.19996519	0.00000000
505.69996516	0.00931964
506.19996512	0.00931964
506.69996509	0.01867003
507.19996505	0.00931964
507.69996502	0.01867003
508.19996498	0.00931964
508.69996495	0.01867003
509.19996492	0.00000000
509.69996488	0.00931964
510.19996485	0.01867003
510.69996481	0.00000000
511.19996478	0.01867003
511.69996474	0.01867003
512.19996471	0.00931964
512.69996467	0.00000000
513.19996464	0.00000000
513.69996461	0.00000000
514.19996457	0.00000000
514.69996454	0.00000000
515.19996450	0.00000000
515.69996447	0.00000000
516.19996443	-0.00931964
516.69996440	-0.00931964
517.19996436	-0.00931964
517.69996433	-0.02798967
518.19996430	-0.01867003
518.69996426	-0.01867003
519.19996423	-0.01867003
519.69996419	-0.00931964
520.19996416	0.00000000
520.69996412	-0.01867003
521.19996409	-0.01867003
521.69996405	-0.00931964
522.19996402	0.00000000
522.69996399	-0.00931964
523.19996395	-0.00931964
523.69996392	0.00000000
524.19996388	0.00000000
524.69996385	0.00000000
525.19996381	0.00931964
525.69996378	0.00000000
526.19996374	0.00000000
526.69996371	0.00931964
527.19996368	0.00931964
527.69996364	0.00931964
528.19996361	0.01867003
528.69996357	0.02798967
529.19996354	0.01867003
529.69996350	0.00931964
530.19996347	0.01867003
530.69996343	0.00931964
531.19996340	0.01867003
531.69996337	0.01867003
532.19996333	0.00931964
532.69996330	0.01867003
533.19996326	0.00000000
533.69996323	0.00000000
534.19996319	0.00000000
534.69996316	0.00000000
535.19996312	0.00000000
535.69996309	0.00000000
536.19996305	0.00000000
536.69996302	-0.00931964
537.19996299	0.00000000
537.69996295	-0.01867003
538.19996292	-0.00931964
538.69996288	-0.01867003
539.19996285	-0.00931964
539.69996281	-0.00931964
540.19996278	-0.01867003
540.69996274	-0.01867003
541.19996271	-0.01867003
541.69996268	-0.01867003
542.19996264	0.00000000
542.69996261	-0.00931964
543.19996257	-0.00931964
543.69996254	0.00000000
544.19996250	0.00931964
544.69996247	0.00000000
545.19996243	0.00931964
545.69996240	0.00000000
546.19996237	0.00931964
546.69996233	0.00931964
547.19996230	0.00000000
547.69996226	0.00931964
548.19996223	0.00931964
548.69996219	0.01867003
549.19996216	0.00931964
549.69996212	0.00931964
550.19996209	0.00931964
550.69996206	0.01867003
551.19996202	0.01867003
551.69996199	0.01867003
552.19996195	0.00000000
552.69996192	0.00931964
553.19996188	0.00000000
553.69996185	0.00000000
554.19996181	-0.00931964
554.69996178	0.00000000
555.19996175	0.00000000
555.69996171	-0.00931964
556.19996168	-0.00931964
556.69996164	-0.00931964
557.19996161	-0.02798967
557.69996157	-0.00931964
558.19996154	-0.00931964
558.69996150	-0.01867003
559.19996147	-0.01867003
559.69996144	-0.00931964
560.19996140	-0.00931964
560.69996137	-0.00931964
561.19996133	-0.00931964
561.69996130	-0.00931964
562.19996126	0.00000000
562.69996123	-0.00931964
563.19996119	0.00000000
563.69996116	-0.00931964
564.19996113	0.00931964
564.69996109	-0.00931964
565.19996106	0.01867003
565.69996102	0.00000000
566.19996099	0.01867003
566.69996095	0.01867003
567.19996092	0.00931964
567.69996088	0.01867003
568.19996085	0.01867003
568.69996082	0.00931964
569.19996078	0.02798967
569.69996075	0.00931964
570.19996071	0.00931964
570.69996068	0.00931964
571.19996064	0.00931964
571.69996061	0.01867003
572.19996057	0.00931964
572.69996054	0.00000000
573.19996051	0.00000000
573.69996047	0.00000000
574.19996044	0.00000000
574.69996040	0.00000000
575.19996037	0.00931964
575.69996033	-0.00931964
576.19996030	-0.00931964
576.69996026	-0.00931964
577.19996023	-0.00931964
577.69996019	-0.00931964
578.19996016	-0.00931964
578.69996013	-0.00931964
579.19996009	-0.00931964
579.69996006	-0.00931964
580.19996002	-0.01867003
580.69995999	-0.01867003
581.19995995	-0.00931964
581.69995992	-0.01867003
582.19995988	0.00000000
582.69995985	-0.00931964
583.19995982	-0.00931964
583.69995978	0.00000000
584.19995975	0.00000000
584.69995971	-0.00931964
585.19995968	0.00931964
585.69995964	0.00931964
586.19995961	0.00931964
586.69995957	0.01867003
587.19995954	0.00000000
587.69995951	0.01867003
588.19995947	0.00000000
588.69995944	0.01867003
589.19995940	0.01867003
589.69995937	0.00931964
590.19995933	0.00931964
590.69995930	0.02798967
591.19995926	0.01867003
591.69995923	0.00931964
592.19995920	0.00931964
592.69995916	0.00931964
593.19995913	0.00931964
593.69995909	0.00000000
594.19995906	0.00000000
594.69995902	0.01867003
595.19995899	-0.00931964
595.69995895	-0.00931964
596.19995892	-0.00931964
596.69995889	-0.00931964
597.19995885	-0.00931964
597.69995882	-0.00931964
598.19995878	-0.00931964
598.69995875	-0.01867003
599.19995871	-0.00931964
599.69995868	-0.00931964
600.19995864	-0.00931964
600.69995861	-0.01867003
601.19995858	-0.00931964
601.69995854	-0.01867003
602.19995851	0.00000000
602.69995847	0.00000000
603.19995844	0.00000000
603.69995840	-0.00931964
604.19995837	0.00931964
604.69995833	0.00000000
605.19995830	0.00000000
605.69995827	0.00931964
606.19995823	0.00931964
606.69995820	0.00931964
607.19995816	0.00931964
607.69995813	0.01867003
608.19995809	0.00931964
608.69995806	0.01867003
609.19995802	0.01867003
609.69995799	0.00931964
610.19995796	0.01867003
610.69995792	0.01867003
611.19995789	0.01867003
611.69995785	0.00931964
612.19995782	0.00931964
612.69995778	0.00931964
613.19995775	0.00931964
613.69995771	0.00000000
614.19995768	0.00000000
614.69995764	0.00931964
615.19995761	0.00000000
615.69995758	-0.00931964
616.19995754	0.00000000
616.69995751	0.00000000
617.19995747	-0.00931964
617.69995744	-0.01867003
