0.00000000	0.63508860
0.01000000	0.63508860
0.02000000	0.64443900
0.03000000	0.63508860
0.04000000	0.64443900
0.05000000	0.64443900
0.06000000	0.63508860
0.07000000	0.63508860
0.08000000	0.63508860
0.09000000	0.64443900
0.10000000	0.63508860
0.11000000	0.63508860
0.12000000	0.64443900
0.13000000	0.57904770
0.14000000	0.64443900
0.15000000	0.64443900
0.16000000	0.64443900
0.17000000	0.63508860
0.18000000	0.67245940
0.19000000	0.63508860
0.19999999	0.65375860
0.20999999	0.64443900
0.21999999	0.64443900
0.22999999	0.64443900
0.23999999	0.64443900
0.24999999	0.63508860
0.25999999	0.64443900
0.26999999	0.64443900
0.27999999	0.63508860
0.28999999	0.64443900
0.29999999	0.64443900
0.30999999	0.63508860
0.31999999	0.63508860
0.32999999	0.64443900
0.33999999	0.63508860
0.34999999	0.64443900
0.35999999	0.64443900
0.36999999	0.63508860
0.37999999	0.63508860
0.38999999	0.64443900
0.39999999	0.63508860
0.40999999	0.64443900
0.41999999	0.63508860
0.42999999	0.64443900
0.43999999	0.64443900
0.44999999	0.63508860
0.45999999	0.63508860
0.46999999	0.64443900
0.47999999	0.64443900
0.48999999	0.64443900
0.49999999	0.64443900
0.50999999	0.64443900
0.51999999	0.63508860
0.52999999	0.64443900
0.53999999	0.64443900
0.54999999	0.63508860
0.55999999	0.63508860
0.56999999	0.63508860
0.57999999	0.63508860
0.58999999	0.64443900
0.59999998	0.63508860
0.60999998	0.63508860
0.61999998	0.64443900
0.62999998	0.64443900
0.63999998	0.63508860
0.64999998	0.64443900
0.65999998	0.64443900
0.66999998	0.64443900
0.67999998	0.64443900
0.68999998	0.63508860
0.69999998	0.64443900
0.70999998	0.64443900
0.71999998	0.64443900
0.72999998	0.63508860
0.73999998	0.64443900
0.74999998	0.64443900
0.75999998	0.62573820
0.76999998	0.63508860
0.77999998	0.63508860
0.78999998	0.63508860
0.79999998	0.64443900
0.80999998	0.64443900
0.81999998	0.64443900
0.82999998	0.63508860
0.83999998	0.63508860
0.84999998	0.63508860
0.85999998	0.63508860
0.86999998	0.64443900
0.87999998	0.64443900
0.88999998	0.64443900
0.89999998	0.63508860
0.90999998	0.63508860
0.91999998	0.65375860
0.92999998	0.62573820
0.93999998	0.63508860
0.94999998	0.64443900
0.95999998	0.63508860
0.96999998	0.68177900
0.97999998	0.64443900
0.98999997	0.64443900
0.99999997	0.63508860
1.00999997	0.64443900
1.01999997	0.63508860
1.02999997	0.64443900
1.03999997	0.63508860
1.04999997	0.63508860
1.05999997	0.64443900
1.06999997	0.63508860
1.07999997	0.64443900
1.08999997	0.64443900
1.09999997	0.64443900
1.10999997	0.63508860
1.11999997	0.64443900
1.12999997	0.64443900
1.13999997	0.64443900
1.14999997	0.64443900
1.15999997	0.63508860
1.16999997	0.64443900
1.17999997	0.63508860
1.18999997	0.64443900
1.19999997	0.64443900
1.20999997	0.63508860
1.21999997	0.64443900
1.22999997	0.64443900
1.23999997	0.63508860
1.24999997	0.63508860
1.25999997	0.64443900
1.26999997	0.63508860
1.27999997	0.63508860
1.28999997	0.64443900
1.29999997	0.64443900
1.30999997	0.63508860
1.31999997	0.63508860
1.32999997	0.63508860
1.33999997	0.63508860
1.34999997	0.63508860
1.35999997	0.64443900
1.36999997	0.64443900
1.37999997	0.63508860
1.38999996	0.64443900
1.39999996	0.63508860
1.40999996	0.64443900
1.41999996	0.63508860
1.42999996	0.63508860
1.43999996	0.64443900
1.44999996	0.63508860
1.45999996	0.63508860
1.46999996	0.64443900
1.47999996	0.64443900
1.48999996	0.64443900
1.49999996	0.63508860
1.50999996	0.63508860
1.51999996	0.63508860
1.52999996	0.64443900
1.53999996	0.64443900
1.54999996	0.63508860
1.55999996	0.63508860
1.56999996	0.64443900
1.57999996	0.63508860
1.58999996	0.63508860
1.59999996	0.64443900
1.60999996	0.64443900
1.61999996	0.64443900
1.62999996	0.66310900
1.63999996	0.64443900
1.64999996	0.63508860
1.65999996	0.63508860
1.66999996	0.63508860
1.67999996	0.63508860
1.68999996	0.63508860
1.69999996	0.63508860
1.70999996	0.64443900
1.71999996	0.64443900
1.72999996	0.63508860
1.73999996	0.63508860
1.74999996	0.64443900
1.75999996	0.63508860
1.76999996	0.64443900
1.77999996	0.63508860
1.78999995	0.64443900
1.79999995	0.63508860
1.80999995	0.64443900
1.81999995	0.64443900
1.82999995	0.63508860
1.83999995	0.64443900
1.84999995	0.63508860
1.85999995	0.64443900
1.86999995	0.64443900
1.87999995	0.64443900
1.88999995	0.64443900
1.89999995	0.64443900
1.90999995	0.64443900
1.91999995	0.64443900
1.92999995	0.63508860
1.93999995	0.63508860
1.94999995	0.64443900
1.95999995	0.64443900
1.96999995	0.66310900
1.97999995	0.66310900
1.98999995	0.63508860
1.99999995	0.63508860
2.00999995	0.64443900
2.01999995	0.64443900
2.02999995	0.64443900
2.03999995	0.64443900
2.04999995	0.64443900
2.05999995	0.63508860
2.06999995	0.65375860
2.07999995	0.63508860
2.08999995	0.64443900
2.09999995	0.63508860
2.10999995	0.64443900
2.11999995	0.64443900
2.12999995	0.64443900
2.13999995	0.64443900
2.14999995	0.63508860
2.15999995	0.65375860
2.16999995	0.63508860
2.17999994	0.64443900
2.18999994	0.64443900
2.19999994	0.64443900
2.20999994	0.64443900
2.21999994	0.64443900
2.22999994	0.63508860
2.23999994	0.64443900
2.24999994	0.64443900
2.25999994	0.64443900
2.26999994	0.63508860
2.27999994	0.64443900
2.28999994	0.64443900
2.29999994	0.63508860
2.30999994	0.64443900
2.31999994	0.64443900
2.32999994	0.65375860
2.33999994	0.63508860
2.34999994	0.63508860
2.35999994	0.64443900
2.36999994	0.63508860
2.37999994	0.56972810
2.38999994	0.63508860
2.39999994	0.61641850
2.40999994	0.64443900
2.41999994	0.64443900
2.42999994	0.63508860
2.43999994	0.64443900
2.44999994	0.64443900
2.45999994	0.65375860
2.46999994	0.62573820
2.47999994	0.64443900
2.48999994	0.63508860
2.49999994	0.64443900
2.50999994	0.62573820
2.51999994	0.63508860
2.52999994	0.64443900
2.53999994	0.63508860
2.54999994	0.63508860
2.55999994	0.65375860
2.56999994	0.64443900
2.57999993	0.62573820
2.58999993	0.64443900
2.59999993	0.64443900
2.60999993	0.64443900
2.61999993	0.63508860
2.62999993	0.64443900
2.63999993	0.64443900
2.64999993	0.63508860
2.65999993	0.63508860
2.66999993	0.63508860
2.67999993	0.63508860
2.68999993	0.63508860
2.69999993	0.64443900
2.70999993	0.63508860
2.71999993	0.63508860
2.72999993	0.63508860
2.73999993	0.63508860
2.74999993	0.64443900
2.75999993	0.63508860
2.76999993	0.65375860
2.77999993	0.64443900
2.78999993	0.64443900
2.79999993	0.63508860
2.80999993	0.64443900
2.81999993	0.67245940
2.82999993	0.64443900
2.83999993	0.64443900
2.84999993	0.63508860
2.85999993	0.64443900
2.86999993	0.64443900
2.87999993	0.64443900
2.88999993	0.63508860
2.89999993	0.64443900
2.90999993	0.64443900
2.91999993	0.64443900
2.92999993	0.64443900
2.93999993	0.64443900
2.94999993	0.63508860
2.95999993	0.65375860
2.96999992	0.63508860
2.97999992	0.63508860
2.98999992	0.63508860
2.99999992	0.64443900
3.00999992	0.63508860
3.01999992	0.63508860
3.02999992	0.63508860
3.03999992	0.64443900
3.04999992	0.63508860
3.05999992	0.64443900
3.06999992	0.64443900
3.07999992	0.63508860
3.08999992	0.63508860
3.09999992	0.63508860
3.10999992	0.63508860
3.11999992	0.64443900
3.12999992	0.63508860
3.13999992	0.64443900
3.14999992	0.64443900
3.15999992	0.64443900
3.16999992	0.63508860
3.17999992	0.63508860
3.18999992	0.63508860
3.19999992	0.63508860
3.20999992	0.63508860
3.21999992	0.64443900
3.22999992	0.63508860
3.23999992	0.64443900
3.24999992	0.64443900
3.25999992	0.69112940
3.26999992	0.63508860
3.27999992	0.63508860
3.28999992	0.63508860
3.29999992	0.64443900
3.30999992	0.63508860
3.31999992	0.64443900
3.32999992	0.64443900
3.33999992	0.64443900
3.34999992	0.63508860
3.35999992	0.63508860
3.36999991	0.63508860
3.37999991	0.64443900
3.38999991	0.64443900
3.39999991	0.63508860
3.40999991	0.64443900
3.41999991	0.63508860
3.42999991	0.63508860
3.43999991	0.63508860
3.44999991	0.64443900
3.45999991	0.63508860
3.46999991	0.63508860
3.47999991	0.63508860
3.48999991	0.64443900
3.49999991	0.63508860
3.50999991	0.64443900
3.51999991	0.65375860
3.52999991	0.63508860
3.53999991	0.63508860
3.54999991	0.63508860
3.55999991	0.64443900
3.56999991	0.61641850
3.57999991	0.63508860
3.58999991	0.62573820
3.59999991	0.63508860
3.60999991	0.64443900
3.61999991	0.63508860
3.62999991	0.63508860
3.63999991	0.63508860
3.64999991	0.64443900
3.65999991	0.63508860
3.66999991	0.61641850
3.67999991	0.63508860
3.68999991	0.63508860
3.69999991	0.63508860
3.70999991	0.64443900
3.71999991	0.63508860
3.72999991	0.64443900
3.73999991	0.64443900
3.74999991	0.64443900
3.75999991	0.64443900
3.76999990	0.64443900
3.77999990	0.64443900
3.78999990	0.64443900
3.79999990	0.60706820
3.80999990	0.64443900
3.81999990	0.63508860
3.82999990	0.64443900
3.83999990	0.63508860
3.84999990	0.63508860
3.85999990	0.63508860
3.86999990	0.64443900
3.87999990	0.64443900
3.88999990	0.64443900
3.89999990	0.64443900
3.90999990	0.64443900
3.91999990	0.64443900
3.92999990	0.63508860
3.93999990	0.64443900
3.94999990	0.63508860
3.95999990	0.64443900
3.96999990	0.64443900
3.97999990	0.64443900
3.98999990	0.64443900
3.99999990	0.63508860
4.00999990	0.59774850
4.01999990	0.63508860
4.02999990	0.62573820
4.03999990	0.63508860
4.04999990	0.60706820
4.05999990	0.64443900
4.06999990	0.64443900
4.07999990	0.63508860
4.08999990	0.63508860
4.09999990	0.64443900
4.10999990	0.64443900
4.11999990	0.63508860
4.12999990	0.64443900
4.13999990	0.64443900
4.14999990	0.64443900
4.15999989	0.64443900
4.16999989	0.64443900
4.17999989	0.63508860
4.18999989	0.63508860
4.19999989	0.64443900
4.20999989	0.63508860
4.21999989	0.64443900
4.22999989	0.64443900
4.23999989	0.64443900
4.24999989	0.64443900
4.25999989	0.63508860
4.26999989	0.66310900
4.27999989	0.64443900
4.28999989	0.63508860
4.29999989	0.64443900
4.30999989	0.64443900
4.31999989	0.64443900
4.32999989	0.63508860
4.33999989	0.63508860
4.34999989	0.63508860
4.35999989	0.63508860
4.36999989	0.63508860
4.37999989	0.63508860
4.38999989	0.64443900
4.39999989	0.63508860
4.40999989	0.64443900
4.41999989	0.63508860
4.42999989	0.63508860
4.43999989	0.63508860
4.44999989	0.63508860
4.45999989	0.64443900
4.46999989	0.64443900
4.47999989	0.63508860
4.48999989	0.63508860
4.49999989	0.63508860
4.50999989	0.64443900
4.51999989	0.64443900
4.52999989	0.63508860
4.53999989	0.64443900
4.54999989	0.64443900
4.55999988	0.63508860
4.56999988	0.64443900
4.57999988	0.63508860
4.58999988	0.63508860
4.59999988	0.64443900
4.60999988	0.64443900
4.61999988	0.63508860
4.62999988	0.63508860
4.63999988	0.63508860
4.64999988	0.64443900
4.65999988	0.63508860
4.66999988	0.63508860
4.67999988	0.64443900
4.68999988	0.64443900
4.69999988	0.64443900
4.70999988	0.64443900
4.71999988	0.64443900
4.72999988	0.64443900
4.73999988	0.64443900
4.74999988	0.64443900
4.75999988	0.65375860
4.76999988	0.64443900
4.77999988	0.64443900
4.78999988	0.64443900
4.79999988	0.64443900
4.80999988	0.64443900
4.81999988	0.63508860
4.82999988	0.63508860
4.83999988	0.63508860
4.84999988	0.64443900
4.85999988	0.64443900
4.86999988	0.64443900
4.87999988	0.67245940
4.88999988	0.63508860
4.89999988	0.63508860
4.90999988	0.63508860
4.91999988	0.64443900
4.92999988	0.64443900
4.93999988	0.64443900
4.94999987	0.63508860
4.95999987	0.64443900
4.96999987	0.63508860
4.97999987	0.64443900
4.98999987	0.64443900
4.99999987	0.63508860
5.00999987	0.64443900
5.01999987	0.63508860
5.02999987	0.63508860
5.03999987	0.63508860
5.04999987	0.63508860
5.05999987	0.63508860
5.06999987	0.59774850
5.07999987	0.63508860
5.08999987	0.63508860
5.09999987	0.64443900
5.10999987	0.63508860
5.11999987	0.63508860
5.12999987	0.64443900
5.13999987	0.64443900
5.14999987	0.63508860
5.15999987	0.63508860
5.16999987	0.63508860
5.17999987	0.63508860
5.18999987	0.63508860
5.19999987	0.64443900
5.20999987	0.64443900
5.21999987	0.63508860
5.22999987	0.63508860
5.23999987	0.63508860
5.24999987	0.63508860
5.25999987	0.64443900
5.26999987	0.64443900
5.27999987	0.65375860
5.28999987	0.64443900
5.29999987	0.63508860
5.30999987	0.62573820
5.31999987	0.63508860
5.32999987	0.60706820
5.33999987	0.64443900
5.34999986	0.64443900
5.35999986	0.64443900
5.36999986	0.63508860
5.37999986	0.68177900
5.38999986	0.63508860
5.39999986	0.63508860
5.40999986	0.63508860
5.41999986	0.63508860
5.42999986	0.64443900
5.43999986	0.64443900
5.44999986	0.63508860
5.45999986	0.64443900
5.46999986	0.63508860
5.47999986	0.63508860
5.48999986	0.63508860
5.49999986	0.64443900
5.50999986	0.64443900
5.51999986	0.63508860
5.52999986	0.64443900
5.53999986	0.64443900
5.54999986	0.63508860
5.55999986	0.64443900
5.56999986	0.64443900
5.57999986	0.64443900
5.58999986	0.63508860
5.59999986	0.63508860
5.60999986	0.64443900
5.61999986	0.63508860
5.62999986	0.63508860
5.63999986	0.62573820
5.64999986	0.64443900
5.65999986	0.64443900
5.66999986	0.64443900
5.67999986	0.63508860
5.68999986	0.65375860
5.69999986	0.63508860
5.70999986	0.64443900
5.71999986	0.63508860
5.72999986	0.64443900
5.73999985	0.63508860
5.74999985	0.64443900
5.75999985	0.64443900
5.76999985	0.64443900
5.77999985	0.63508860
5.78999985	0.64443900
5.79999985	0.63508860
5.80999985	0.64443900
5.81999985	0.62573820
5.82999985	0.64443900
5.83999985	0.64443900
5.84999985	0.65375860
5.85999985	0.64443900
5.86999985	0.64443900
5.87999985	0.63508860
5.88999985	0.63508860
5.89999985	0.64443900
5.90999985	0.64443900
5.91999985	0.63508860
5.92999985	0.64443900
5.93999985	0.63508860
5.94999985	0.64443900
5.95999985	0.63508860
5.96999985	0.63508860
5.97999985	0.63508860
5.98999985	0.63508860
5.99999985	0.69112940
6.00999985	0.64443900
6.01999985	0.64443900
6.02999985	0.64443900
6.03999985	0.64443900
6.04999985	0.63508860
6.05999985	0.64443900
6.06999985	0.63508860
6.07999985	0.63508860
6.08999985	0.62573820
6.09999985	0.63508860
6.10999985	0.63508860
6.11999985	0.63508860
6.12999985	0.64443900
6.13999984	0.63508860
6.14999984	0.63508860
6.15999984	0.64443900
6.16999984	0.64443900
6.17999984	0.64443900
6.18999984	0.64443900
6.19999984	0.63508860
6.20999984	0.63508860
6.21999984	0.64443900
6.22999984	0.64443900
6.23999984	0.64443900
6.24999984	0.63508860
6.25999984	0.64443900
6.26999984	0.64443900
6.27999984	0.64443900
6.28999984	0.63508860
6.29999984	0.63508860
6.30999984	0.70979950
6.31999984	0.64443900
6.32999984	0.64443900
6.33999984	0.64443900
6.34999984	0.64443900
6.35999984	0.63508860
6.36999984	0.63508860
6.37999984	0.63508860
6.38999984	0.64443900
6.39999984	0.64443900
6.40999984	0.64443900
6.41999984	0.64443900
6.42999984	0.64443900
6.43999984	0.63508860
6.44999984	0.64443900
6.45999984	0.63508860
6.46999984	0.63508860
6.47999984	0.64443900
6.48999984	0.64443900
6.49999984	0.63508860
6.50999984	0.63508860
6.51999984	0.64443900
6.52999984	0.63508860
6.53999983	0.63508860
6.54999983	0.63508860
6.55999983	0.64443900
6.56999983	0.63508860
6.57999983	0.62573820
6.58999983	0.63508860
6.59999983	0.63508860
6.60999983	0.63508860
6.61999983	0.59774850
6.62999983	0.63508860
6.63999983	0.64443900
6.64999983	0.64443900
6.65999983	0.63508860
6.66999983	0.64443900
6.67999983	0.63508860
6.68999983	0.63508860
6.69999983	0.64443900
6.70999983	0.64443900
6.71999983	0.64443900
6.72999983	0.63508860
6.73999983	0.63508860
6.74999983	0.63508860
6.75999983	0.63508860
6.76999983	0.64443900
6.77999983	0.64443900
6.78999983	0.63508860
6.79999983	0.64443900
6.80999983	0.64443900
6.81999983	0.64443900
6.82999983	0.63508860
6.83999983	0.63508860
6.84999983	0.63508860
6.85999983	0.63508860
6.86999983	0.64443900
6.87999983	0.63508860
6.88999983	0.63508860
6.89999983	0.63508860
6.90999983	0.63508860
6.91999983	0.63508860
6.92999982	0.69112940
6.93999982	0.64443900
6.94999982	0.64443900
6.95999982	0.63508860
6.96999982	0.63508860
6.97999982	0.63508860
6.98999982	0.63508860
6.99999982	0.64443900
7.00999982	0.63508860
7.01999982	0.63508860
7.02999982	0.63508860
7.03999982	0.64443900
7.04999982	0.63508860
7.05999982	0.63508860
7.06999982	0.64443900
7.07999982	0.63508860
7.08999982	0.64443900
7.09999982	0.63508860
7.10999982	0.63508860
7.11999982	0.65375860
7.12999982	0.65375860
7.13999982	0.64443900
7.14999982	0.64443900
7.15999982	0.64443900
7.16999982	0.64443900
7.17999982	0.66310900
7.18999982	0.65375860
7.19999982	0.63508860
7.20999982	0.64443900
7.21999982	0.63508860
7.22999982	0.63508860
7.23999982	0.70047980
7.24999982	0.64443900
7.25999982	0.64443900
7.26999982	0.63508860
7.27999982	0.64443900
7.28999982	0.64443900
7.29999982	0.65375860
7.30999982	0.63508860
7.31999982	0.64443900
7.32999981	0.64443900
7.33999981	0.63508860
7.34999981	0.64443900
7.35999981	0.64443900
7.36999981	0.64443900
7.37999981	0.64443900
7.38999981	0.63508860
7.39999981	0.63508860
7.40999981	0.64443900
7.41999981	0.63508860
7.42999981	0.63508860
7.43999981	0.64443900
7.44999981	0.64443900
7.45999981	0.64443900
7.46999981	0.64443900
7.47999981	0.63508860
7.48999981	0.63508860
7.49999981	0.63508860
7.50999981	0.64443900
7.51999981	0.64443900
7.52999981	0.63508860
7.53999981	0.63508860
7.54999981	0.64443900
7.55999981	0.63508860
7.56999981	0.63508860
7.57999981	0.64443900
7.58999981	0.63508860
7.59999981	0.63508860
7.60999981	0.63508860
7.61999981	0.63508860
7.62999981	0.63508860
7.63999981	0.64443900
7.64999981	0.63508860
7.65999981	0.63508860
7.66999981	0.64443900
7.67999981	0.63508860
7.68999981	0.63508860
7.69999981	0.64443900
7.70999981	0.63508860
7.71999980	0.63508860
7.72999980	0.62573820
7.73999980	0.63508860
7.74999980	0.64443900
7.75999980	0.64443900
7.76999980	0.64443900
7.77999980	0.63508860
7.78999980	0.65375860
7.79999980	0.63508860
7.80999980	0.64443900
7.81999980	0.64443900
7.82999980	0.63508860
7.83999980	0.63508860
7.84999980	0.64443900
7.85999980	0.65375860
7.86999980	0.63508860
7.87999980	0.64443900
7.88999980	0.63508860
7.89999980	0.64443900
7.90999980	0.64443900
7.91999980	0.63508860
7.92999980	0.64443900
7.93999980	0.65375860
7.94999980	0.63508860
7.95999980	0.64443900
7.96999980	0.63508860
7.97999980	0.63508860
7.98999980	0.64443900
7.99999980	0.64443900
8.00999980	0.64443900
8.01999980	0.63508860
8.02999980	0.64443900
8.03999980	0.64443900
8.04999980	0.64443900
8.05999980	0.63508860
8.06999980	0.64443900
8.07999980	0.63508860
8.08999980	0.64443900
8.09999980	0.64443900
8.10999980	0.64443900
8.11999979	0.64443900
8.12999979	0.63508860
8.13999979	0.64443900
8.14999979	0.64443900
8.15999979	0.64443900
8.16999979	0.65375860
8.17999979	0.64443900
8.18999979	0.63508860
8.19999979	0.64443900
8.20999979	0.64443900
8.21999979	0.64443900
8.22999979	0.64443900
8.23999979	0.64443900
8.24999979	0.63508860
8.25999979	0.64443900
8.26999979	0.63508860
8.27999979	0.64443900
8.28999979	0.64443900
8.29999979	0.62573820
8.30999979	0.63508860
8.31999979	0.63508860
8.32999979	0.64443900
8.33999979	0.63508860
8.34999979	0.63508860
8.35999979	0.63508860
8.36999979	0.64443900
8.37999979	0.64443900
8.38999979	0.63508860
8.39999979	0.64443900
8.40999979	0.64443900
8.41999979	0.64443900
8.42999979	0.63508860
8.43999979	0.63508860
8.44999979	0.63508860
8.45999979	0.63508860
8.46999979	0.63508860
8.47999979	0.63508860
8.48999979	0.63508860
8.49999979	0.63508860
8.50999979	0.64443900
8.51999978	0.63508860
8.52999978	0.63508860
8.53999978	0.63508860
8.54999978	0.62573820
8.55999978	0.64443900
8.56999978	0.64443900
8.57999978	0.64443900
8.58999978	0.63508860
8.59999978	0.64443900
8.60999978	0.69112940
8.61999978	0.63508860
8.62999978	0.63508860
8.63999978	0.63508860
8.64999978	0.64443900
8.65999978	0.70047980
8.66999978	0.64443900
8.67999978	0.64443900
8.68999978	0.63508860
8.69999978	0.63508860
8.70999978	0.64443900
8.71999978	0.63508860
8.72999978	0.63508860
8.73999978	0.65375860
8.74999978	0.63508860
8.75999978	0.65375860
8.76999978	0.63508860
8.77999978	0.64443900
8.78999978	0.63508860
8.79999978	0.63508860
8.80999978	0.63508860
8.81999978	0.64443900
8.82999978	0.63508860
8.83999978	0.64443900
8.84999978	0.63508860
8.85999978	0.64443900
8.86999978	0.63508860
8.87999978	0.64443900
8.88999978	0.64443900
8.89999978	0.64443900
8.90999977	0.64443900
8.91999977	0.65375860
8.92999977	0.64443900
8.93999977	0.63508860
8.94999977	0.63508860
8.95999977	0.63508860
8.96999977	0.62573820
8.97999977	0.64443900
8.98999977	0.65375860
8.99999977	0.62573820
9.00999977	0.63508860
9.01999977	0.64443900
9.02999977	0.63508860
9.03999977	0.63508860
9.04999977	0.63508860
9.05999977	0.64443900
9.06999977	0.64443900
9.07999977	0.63508860
9.08999977	0.64443900
9.09999977	0.63508860
9.10999977	0.64443900
9.11999977	0.64443900
9.12999977	0.64443900
9.13999977	0.64443900
9.14999977	0.63508860
9.15999977	0.64443900
9.16999977	0.63508860
9.17999977	0.63508860
9.18999977	0.63508860
9.19999977	0.63508860
9.20999977	0.63508860
9.21999977	0.64443900
9.22999977	0.64443900
9.23999977	0.64443900
9.24999977	0.65375860
9.25999977	0.64443900
9.26999977	0.63508860
9.27999977	0.63508860
9.28999977	0.63508860
9.29999977	0.63508860
9.30999976	0.63508860
9.31999976	0.63508860
9.32999976	0.64443900
9.33999976	0.64443900
9.34999976	0.64443900
9.35999976	0.65375860
9.36999976	0.64443900
9.37999976	0.63508860
9.38999976	0.64443900
9.39999976	0.64443900
9.40999976	0.63508860
9.41999976	0.64443900
9.42999976	0.64443900
9.43999976	0.64443900
9.44999976	0.64443900
9.45999976	0.64443900
9.46999976	0.63508860
9.47999976	0.64443900
9.48999976	0.63508860
9.49999976	0.63508860
9.50999976	0.63508860
9.51999976	0.62573820
9.52999976	0.63508860
9.53999976	0.65375860
9.54999976	0.64443900
9.55999976	0.64443900
9.56999976	0.64443900
9.57999976	0.64443900
9.58999976	0.64443900
9.59999976	0.64443900
9.60999976	0.64443900
9.61999976	0.63508860
9.62999976	0.64443900
9.63999976	0.63508860
9.64999976	0.63508860
9.65999976	0.64443900
9.66999976	0.64443900
9.67999976	0.64443900
9.68999976	0.64443900
9.69999975	0.64443900
9.70999975	0.64443900
9.71999975	0.63508860
9.72999975	0.64443900
9.73999975	0.63508860
9.74999975	0.63508860
9.75999975	0.63508860
9.76999975	0.64443900
9.77999975	0.64443900
9.78999975	0.63508860
9.79999975	0.64443900
9.80999975	0.64443900
9.81999975	0.64443900
9.82999975	0.64443900
9.83999975	0.64443900
9.84999975	0.63508860
9.85999975	0.64443900
9.86999975	0.63508860
9.87999975	0.64443900
9.88999975	0.64443900
9.89999975	0.63508860
9.90999975	0.63508860
9.91999975	0.63508860
9.92999975	0.67245940
9.93999975	0.64443900
9.94999975	0.64443900
9.95999975	0.63508860
9.96999975	0.65375860
9.97999975	0.60706820
9.98999975	0.63508860
9.99999975	0.63508860
10.00999975	0.65375860
10.01999975	0.63508860
10.02999975	0.63508860
10.03999975	0.63508860
10.04999975	0.63508860
10.05999975	0.64443900
10.06999975	0.63508860
10.07999975	0.63508860
10.08999975	0.63508860
10.09999974	0.63508860
10.10999974	0.64443900
10.11999974	0.64443900
10.12999974	0.64443900
10.13999974	0.64443900
10.14999974	0.64443900
10.15999974	0.63508860
10.16999974	0.63508860
10.17999974	0.63508860
10.18999974	0.63508860
10.19999974	0.64443900
10.20999974	0.65375860
10.21999974	0.64443900
10.22999974	0.63508860
10.23999974	0.64443900
10.24999974	0.63508860
10.25999974	0.61641850
10.26999974	0.63508860
10.27999974	0.63508860
10.28999974	0.64443900
10.29999974	0.63508860
10.30999974	0.64443900
10.31999974	0.64443900
10.32999974	0.63508860
10.33999974	0.63508860
10.34999974	0.63508860
10.35999974	0.63508860
10.36999974	0.64443900
10.37999974	0.64443900
10.38999974	0.63508860
10.39999974	0.63508860
10.40999974	0.63508860
10.41999974	0.63508860
10.42999974	0.63508860
10.43999974	0.64443900
10.44999974	0.63508860
10.45999974	0.63508860
10.46999974	0.64443900
10.47999974	0.64443900
10.48999974	0.64443900
10.49999973	0.64443900
10.50999973	0.63508860
10.51999973	0.63508860
10.52999973	0.64443900
10.53999973	0.64443900
10.54999973	0.63508860
10.55999973	0.64443900
10.56999973	0.64443900
10.57999973	0.64443900
10.58999973	0.64443900
10.59999973	0.64443900
10.60999973	0.64443900
10.61999973	0.63508860
10.62999973	0.64443900
10.63999973	0.63508860
10.64999973	0.64443900
10.65999973	0.63508860
10.66999973	0.64443900
10.67999973	0.63508860
10.68999973	0.63508860
10.69999973	0.64443900
10.70999973	0.63508860
10.71999973	0.64443900
10.72999973	0.64443900
10.73999973	0.63508860
10.74999973	0.63508860
10.75999973	0.64443900
10.76999973	0.63508860
10.77999973	0.63508860
10.78999973	0.63508860
10.79999973	0.63508860
10.80999973	0.64443900
10.81999973	0.64443900
10.82999973	0.63508860
10.83999973	0.63508860
10.84999973	0.64443900
10.85999973	0.63508860
10.86999973	0.64443900
10.87999973	0.64443900
10.88999972	0.63508860
10.89999972	0.63508860
10.90999972	0.63508860
10.91999972	0.63508860
10.92999972	0.64443900
10.93999972	0.64443900
10.94999972	0.63508860
10.95999972	0.64443900
10.96999972	0.63508860
10.97999972	0.63508860
10.98999972	0.63508860
10.99999972	0.63508860
11.00999972	0.63508860
11.01999972	0.66310900
11.02999972	0.64443900
11.03999972	0.64443900
11.04999972	0.64443900
11.05999972	0.63508860
11.06999972	0.59774850
11.07999972	0.64443900
11.08999972	0.63508860
11.09999972	0.64443900
11.10999972	0.63508860
11.11999972	0.57904770
11.12999972	0.62573820
11.13999972	0.63508860
11.14999972	0.63508860
11.15999972	0.63508860
11.16999972	0.64443900
11.17999972	0.63508860
11.18999972	0.64443900
11.19999972	0.64443900
11.20999972	0.63508860
11.21999972	0.63508860
11.22999972	0.63508860
11.23999972	0.64443900
11.24999972	0.64443900
11.25999972	0.63508860
11.26999972	0.66310900
11.27999972	0.64443900
11.28999971	0.63508860
11.29999971	0.63508860
11.30999971	0.64443900
11.31999971	0.63508860
11.32999971	0.64443900
11.33999971	0.63508860
11.34999971	0.63508860
11.35999971	0.62573820
11.36999971	0.63508860
11.37999971	0.63508860
11.38999971	0.64443900
11.39999971	0.63508860
11.40999971	0.64443900
11.41999971	0.64443900
11.42999971	0.64443900
11.43999971	0.63508860
11.44999971	0.63508860
11.45999971	0.64443900
11.46999971	0.63508860
11.47999971	0.63508860
11.48999971	0.64443900
11.49999971	0.64443900
11.50999971	0.62573820
11.51999971	0.64443900
11.52999971	0.64443900
11.53999971	0.63508860
11.54999971	0.63508860
11.55999971	0.64443900
11.56999971	0.63508860
11.57999971	0.64443900
11.58999971	0.64443900
11.59999971	0.64443900
11.60999971	0.63508860
11.61999971	0.64443900
11.62999971	0.63508860
11.63999971	0.64443900
11.64999971	0.64443900
11.65999971	0.64443900
11.66999971	0.63508860
11.67999970	0.63508860
11.68999970	0.67245940
11.69999970	0.63508860
11.70999970	0.63508860
11.71999970	0.63508860
11.72999970	0.64443900
11.73999970	0.63508860
11.74999970	0.64443900
11.75999970	0.63508860
11.76999970	0.63508860
11.77999970	0.63508860
11.78999970	0.64443900
11.79999970	0.63508860
11.80999970	0.64443900
11.81999970	0.64443900
11.82999970	0.64443900
11.83999970	0.63508860
11.84999970	0.63508860
11.85999970	0.63508860
11.86999970	0.63508860
11.87999970	0.64443900
11.88999970	0.64443900
11.89999970	0.63508860
11.90999970	0.63508860
11.91999970	0.63508860
11.92999970	0.64443900
11.93999970	0.62573820
11.94999970	0.63508860
11.95999970	0.63508860
11.96999970	0.64443900
11.97999970	0.64443900
11.98999970	0.64443900
11.99999970	0.63508860
12.00999970	0.63508860
12.01999970	0.63508860
12.02999970	0.65375860
12.03999970	0.63508860
12.04999970	0.63508860
12.05999970	0.64443900
12.06999970	0.64443900
12.07999969	0.64443900
12.08999969	0.64443900
12.09999969	0.64443900
12.10999969	0.64443900
12.11999969	0.64443900
12.12999969	0.66310900
12.13999969	0.64443900
12.14999969	0.64443900
12.15999969	0.64443900
12.16999969	0.64443900
12.17999969	0.63508860
12.18999969	0.63508860
12.19999969	0.64443900
12.20999969	0.64443900
12.21999969	0.65375860
12.22999969	0.64443900
12.23999969	0.64443900
12.24999969	0.64443900
12.25999969	0.63508860
12.26999969	0.64443900
12.27999969	0.66310900
12.28999969	0.64443900
12.29999969	0.64443900
12.30999969	0.63508860
12.31999969	0.63508860
12.32999969	0.63508860
12.33999969	0.64443900
12.34999969	0.64443900
12.35999969	0.64443900
12.36999969	0.64443900
12.37999969	0.63508860
12.38999969	0.63508860
12.39999969	0.64443900
12.40999969	0.64443900
12.41999969	0.63508860
12.42999969	0.64443900
12.43999969	0.64443900
12.44999969	0.63508860
12.45999969	0.63508860
12.46999968	0.63508860
12.47999968	0.64443900
12.48999968	0.64443900
12.49999968	0.63508860
12.50999968	0.64443900
12.51999968	0.62573820
12.52999968	0.64443900
12.53999968	0.64443900
12.54999968	0.64443900
12.55999968	0.64443900
12.56999968	0.64443900
12.57999968	0.64443900
12.58999968	0.63508860
12.59999968	0.63508860
12.60999968	0.64443900
12.61999968	0.64443900
12.62999968	0.64443900
12.63999968	0.64443900
12.64999968	0.63508860
12.65999968	0.64443900
12.66999968	0.63508860
12.67999968	0.63508860
12.68999968	0.63508860
12.69999968	0.63508860
12.70999968	0.63508860
12.71999968	0.63508860
12.72999968	0.63508860
12.73999968	0.64443900
12.74999968	0.63508860
12.75999968	0.63508860
12.76999968	0.63508860
12.77999968	0.63508860
12.78999968	0.64443900
12.79999968	0.64443900
12.80999968	0.63508860
12.81999968	0.63508860
12.82999968	0.63508860
12.83999968	0.64443900
12.84999968	0.64443900
12.85999968	0.63508860
12.86999967	0.64443900
12.87999967	0.64443900
12.88999967	0.63508860
12.89999967	0.63508860
12.90999967	0.64443900
12.91999967	0.63508860
12.92999967	0.63508860
12.93999967	0.63508860
12.94999967	0.64443900
12.95999967	0.64443900
12.96999967	0.63508860
12.97999967	0.63508860
12.98999967	0.64443900
12.99999967	0.63508860
13.00999967	0.63508860
13.01999967	0.64443900
13.02999967	0.63508860
13.03999967	0.60706820
13.04999967	0.63508860
13.05999967	0.64443900
13.06999967	0.63508860
13.07999967	0.64443900
13.08999967	0.63508860
13.09999967	0.63508860
13.10999967	0.65375860
13.11999967	0.65375860
13.12999967	0.63508860
13.13999967	0.64443900
13.14999967	0.65375860
13.15999967	0.64443900
13.16999967	0.63508860
13.17999967	0.63508860
13.18999967	0.64443900
13.19999967	0.63508860
13.20999967	0.63508860
13.21999967	0.63508860
13.22999967	0.64443900
13.23999967	0.63508860
13.24999967	0.64443900
13.25999967	0.64443900
13.26999966	0.63508860
13.27999966	0.63508860
13.28999966	0.64443900
13.29999966	0.64443900
13.30999966	0.63508860
13.31999966	0.64443900
13.32999966	0.63508860
13.33999966	0.64443900
13.34999966	0.64443900
13.35999966	0.64443900
13.36999966	0.64443900
13.37999966	0.64443900
13.38999966	0.64443900
13.39999966	0.63508860
13.40999966	0.63508860
13.41999966	0.64443900
13.42999966	0.63508860
13.43999966	0.63508860
13.44999966	0.64443900
13.45999966	0.63508860
13.46999966	0.63508860
13.47999966	0.63508860
13.48999966	0.63508860
13.49999966	0.63508860
13.50999966	0.63508860
13.51999966	0.63508860
13.52999966	0.64443900
13.53999966	0.64443900
13.54999966	0.63508860
13.55999966	0.64443900
13.56999966	0.63508860
13.57999966	0.64443900
13.58999966	0.64443900
13.59999966	0.64443900
13.60999966	0.63508860
13.61999966	0.63508860
13.62999966	0.63508860
13.63999966	0.63508860
13.64999966	0.63508860
13.65999965	0.63508860
13.66999965	0.64443900
13.67999965	0.63508860
13.68999965	0.64443900
13.69999965	0.63508860
13.70999965	0.64443900
13.71999965	0.64443900
13.72999965	0.64443900
13.73999965	0.64443900
13.74999965	0.64443900
13.75999965	0.63508860
13.76999965	0.64443900
13.77999965	0.62573820
13.78999965	0.63508860
13.79999965	0.64443900
13.80999965	0.64443900
13.81999965	0.63508860
13.82999965	0.64443900
13.83999965	0.65375860
13.84999965	0.63508860
13.85999965	0.63508860
13.86999965	0.63508860
13.87999965	0.64443900
13.88999965	0.64443900
13.89999965	0.63508860
13.90999965	0.64443900
13.91999965	0.63508860
13.92999965	0.63508860
13.93999965	0.64443900
13.94999965	0.64443900
13.95999965	0.64443900
13.96999965	0.64443900
13.97999965	0.63508860
13.98999965	0.64443900
13.99999965	0.63508860
14.00999965	0.64443900
14.01999965	0.63508860
14.02999965	0.64443900
14.03999965	0.64443900
14.04999965	0.65375860
14.05999964	0.64443900
14.06999964	0.64443900
14.07999964	0.63508860
14.08999964	0.63508860
14.09999964	0.64443900
14.10999964	0.63508860
14.11999964	0.63508860
14.12999964	0.63508860
14.13999964	0.64443900
14.14999964	0.63508860
14.15999964	0.63508860
14.16999964	0.64443900
14.17999964	0.63508860
14.18999964	0.63508860
14.19999964	0.60706820
14.20999964	0.64443900
14.21999964	0.64443900
14.22999964	0.63508860
14.23999964	0.64443900
14.24999964	0.62573820
14.25999964	0.60706820
14.26999964	0.62573820
14.27999964	0.63508860
14.28999964	0.63508860
14.29999964	0.63508860
14.30999964	0.63508860
14.31999964	0.64443900
14.32999964	0.63508860
14.33999964	0.63508860
14.34999964	0.62573820
14.35999964	0.63508860
14.36999964	0.64443900
14.37999964	0.63508860
14.38999964	0.63508860
14.39999964	0.63508860
14.40999964	0.64443900
14.41999964	0.64443900
14.42999964	0.63508860
14.43999964	0.64443900
14.44999963	0.63508860
14.45999963	0.63508860
14.46999963	0.64443900
14.47999963	0.63508860
14.48999963	0.63508860
14.49999963	0.63508860
14.50999963	0.64443900
14.51999963	0.63508860
14.52999963	0.63508860
14.53999963	0.64443900
14.54999963	0.63508860
14.55999963	0.64443900
14.56999963	0.63508860
14.57999963	0.63508860
14.58999963	0.63508860
14.59999963	0.63508860
14.60999963	0.63508860
14.61999963	0.63508860
14.62999963	0.63508860
14.63999963	0.62573820
14.64999963	0.64443900
14.65999963	0.63508860
14.66999963	0.64443900
14.67999963	0.64443900
14.68999963	0.63508860
14.69999963	0.63508860
14.70999963	0.63508860
14.71999963	0.63508860
14.72999963	0.63508860
14.73999963	0.64443900
14.74999963	0.64443900
14.75999963	0.65375860
14.76999963	0.63508860
14.77999963	0.63508860
14.78999963	0.64443900
14.79999963	0.63508860
14.80999963	0.63508860
14.81999963	0.64443900
14.82999963	0.64443900
14.83999963	0.63508860
14.84999962	0.64443900
14.85999962	0.64443900
14.86999962	0.64443900
14.87999962	0.64443900
14.88999962	0.63508860
14.89999962	0.63508860
14.90999962	0.64443900
14.91999962	0.64443900
14.92999962	0.64443900
14.93999962	0.64443900
14.94999962	0.66310900
14.95999962	0.63508860
14.96999962	0.63508860
14.97999962	0.64443900
14.98999962	0.64443900
14.99999962	0.63508860
15.00999962	0.63508860
15.01999962	0.63508860
15.02999962	0.64443900
15.03999962	0.64443900
15.04999962	0.63508860
15.05999962	0.63508860
15.06999962	0.63508860
15.07999962	0.64443900
15.08999962	0.63508860
15.09999962	0.64443900
15.10999962	0.64443900
15.11999962	0.63508860
15.12999962	0.63508860
15.13999962	0.64443900
15.14999962	0.64443900
15.15999962	0.63508860
15.16999962	0.64443900
15.17999962	0.63508860
15.18999962	0.64443900
15.19999962	0.64443900
15.20999962	0.63508860
15.21999962	0.64443900
15.22999962	0.64443900
15.23999962	0.63508860
15.24999961	0.63508860
15.25999961	0.65375860
15.26999961	0.63508860
15.27999961	0.64443900
15.28999961	0.64443900
15.29999961	0.63508860
15.30999961	0.62573820
15.31999961	0.63508860
15.32999961	0.63508860
15.33999961	0.63508860
15.34999961	0.63508860
15.35999961	0.63508860
15.36999961	0.64443900
15.37999961	0.63508860
15.38999961	0.64443900
15.39999961	0.63508860
15.40999961	0.64443900
15.41999961	0.63508860
15.42999961	0.63508860
15.43999961	0.64443900
15.44999961	0.64443900
15.45999961	0.63508860
15.46999961	0.64443900
15.47999961	0.64443900
15.48999961	0.64443900
15.49999961	0.64443900
15.50999961	0.64443900
15.51999961	0.63508860
15.52999961	0.64443900
15.53999961	0.63508860
15.54999961	0.63508860
15.55999961	0.63508860
15.56999961	0.63508860
15.57999961	0.64443900
15.58999961	0.63508860
15.59999961	0.64443900
15.60999961	0.64443900
15.61999961	0.64443900
15.62999961	0.64443900
15.63999960	0.64443900
15.64999960	0.64443900
15.65999960	0.64443900
15.66999960	0.64443900
15.67999960	0.63508860
15.68999960	0.64443900
15.69999960	0.63508860
15.70999960	0.63508860
15.71999960	0.64443900
15.72999960	0.63508860
15.73999960	0.63508860
15.74999960	0.63508860
15.75999960	0.64443900
15.76999960	0.64443900
15.77999960	0.64443900
15.78999960	0.64443900
15.79999960	0.64443900
15.80999960	0.63508860
15.81999960	0.63508860
15.82999960	0.63508860
15.83999960	0.64443900
15.84999960	0.65375860
15.85999960	0.64443900
15.86999960	0.64443900
15.87999960	0.64443900
15.88999960	0.64443900
15.89999960	0.63508860
15.90999960	0.63508860
15.91999960	0.64443900
15.92999960	0.64443900
15.93999960	0.64443900
15.94999960	0.63508860
15.95999960	0.65375860
15.96999960	0.63508860
15.97999960	0.63508860
15.98999960	0.63508860
15.99999960	0.64443900
16.00999960	0.56972810
16.01999960	0.65375860
16.02999960	0.64443900
16.03999959	0.64443900
16.04999959	0.64443900
16.05999959	0.62573820
16.06999959	0.64443900
16.07999959	0.63508860
16.08999959	0.63508860
16.09999959	0.64443900
16.10999959	0.64443900
16.11999959	0.63508860
16.12999959	0.64443900
16.13999959	0.63508860
16.14999959	0.63508860
16.15999959	0.64443900
16.16999959	0.64443900
16.17999959	0.63508860
16.18999959	0.63508860
16.19999959	0.63508860
16.20999959	0.63508860
16.21999959	0.64443900
16.22999959	0.63508860
16.23999959	0.63508860
16.24999959	0.64443900
16.25999959	0.64443900
16.26999959	0.67245940
16.27999959	0.63508860
16.28999959	0.63508860
16.29999959	0.64443900
16.30999959	0.63508860
16.31999959	0.63508860
16.32999959	0.64443900
16.33999959	0.64443900
16.34999959	0.64443900
16.35999959	0.63508860
16.36999959	0.63508860
16.37999959	0.63508860
16.38999959	0.65375860
16.39999959	0.64443900
16.40999959	0.64443900
16.41999959	0.63508860
16.42999958	0.63508860
16.43999958	0.63508860
16.44999958	0.64443900
16.45999958	0.63508860
16.46999958	0.63508860
16.47999958	0.63508860
16.48999958	0.64443900
16.49999958	0.64443900
16.50999958	0.64443900
16.51999958	0.64443900
16.52999958	0.64443900
16.53999958	0.64443900
16.54999958	0.64443900
16.55999958	0.64443900
16.56999958	0.64443900
16.57999958	0.64443900
16.58999958	0.64443900
16.59999958	0.65375860
16.60999958	0.64443900
16.61999958	0.63508860
16.62999958	0.64443900
16.63999958	0.63508860
16.64999958	0.64443900
16.65999958	0.64443900
16.66999958	0.64443900
16.67999958	0.64443900
16.68999958	0.62573820
16.69999958	0.64443900
16.70999958	0.63508860
16.71999958	0.63508860
16.72999958	0.63508860
16.73999958	0.63508860
16.74999958	0.64443900
16.75999958	0.63508860
16.76999958	0.63508860
16.77999958	0.64443900
16.78999958	0.63508860
16.79999958	0.63508860
16.80999958	0.64443900
16.81999958	0.63508860
16.82999957	0.63508860
16.83999957	0.64443900
16.84999957	0.64443900
16.85999957	0.64443900
16.86999957	0.64443900
16.87999957	0.63508860
16.88999957	0.65375860
16.89999957	0.63508860
16.90999957	0.64443900
16.91999957	0.64443900
16.92999957	0.64443900
16.93999957	0.72850020
16.94999957	0.64443900
16.95999957	0.64443900
16.96999957	0.64443900
16.97999957	0.64443900
16.98999957	0.64443900
16.99999957	0.63508860
17.00999957	0.64443900
17.01999957	0.63508860
17.02999957	0.63508860
17.03999957	0.64443900
17.04999957	0.63508860
17.05999957	0.64443900
17.06999957	0.63508860
17.07999957	0.63508860
17.08999957	0.63508860
17.09999957	0.63508860
17.10999957	0.64443900
17.11999957	0.64443900
17.12999957	0.64443900
17.13999957	0.64443900
17.14999957	0.64443900
17.15999957	0.64443900
17.16999957	0.63508860
17.17999957	0.62573820
17.18999957	0.64443900
17.19999957	0.68177900
17.20999957	0.64443900
17.21999956	0.63508860
17.22999956	0.65375860
17.23999956	0.63508860
17.24999956	0.57904770
17.25999956	0.63508860
17.26999956	0.62573820
17.27999956	0.64443900
17.28999956	0.63508860
17.29999956	0.63508860
17.30999956	0.64443900
17.31999956	0.63508860
17.32999956	0.64443900
17.33999956	0.64443900
17.34999956	0.63508860
17.35999956	0.64443900
17.36999956	0.64443900
17.37999956	0.64443900
17.38999956	0.63508860
17.39999956	0.63508860
17.40999956	0.63508860
17.41999956	0.63508860
17.42999956	0.68177900
17.43999956	0.63508860
17.44999956	0.64443900
17.45999956	0.64443900
17.46999956	0.63508860
17.47999956	0.64443900
17.48999956	0.63508860
17.49999956	0.63508860
17.50999956	0.66310900
17.51999956	0.63508860
17.52999956	0.64443900
17.53999956	0.63508860
17.54999956	0.64443900
17.55999956	0.59774850
17.56999956	0.64443900
17.57999956	0.63508860
17.58999956	0.64443900
17.59999956	0.63508860
17.60999956	0.64443900
17.61999955	0.63508860
17.62999955	0.64443900
17.63999955	0.63508860
17.64999955	0.63508860
17.65999955	0.63508860
17.66999955	0.63508860
17.67999955	0.63508860
17.68999955	0.64443900
17.69999955	0.64443900
17.70999955	0.64443900
17.71999955	0.63508860
17.72999955	0.64443900
17.73999955	0.63508860
17.74999955	0.63508860
17.75999955	0.63508860
17.76999955	0.63508860
17.77999955	0.63508860
17.78999955	0.63508860
17.79999955	0.64443900
17.80999955	0.63508860
17.81999955	0.63508860
17.82999955	0.63508860
17.83999955	0.63508860
17.84999955	0.64443900
17.85999955	0.64443900
17.86999955	0.66310900
17.87999955	0.64443900
17.88999955	0.64443900
17.89999955	0.64443900
17.90999955	0.63508860
17.91999955	0.64443900
17.92999955	0.63508860
17.93999955	0.63508860
17.94999955	0.63508860
17.95999955	0.62573820
17.96999955	0.63508860
17.97999955	0.64443900
17.98999955	0.64443900
17.99999955	0.63508860
18.00999955	0.64443900
18.01999954	0.63508860
18.02999954	0.64443900
18.03999954	0.64443900
18.04999954	0.65375860
18.05999954	0.64443900
18.06999954	0.63508860
18.07999954	0.64443900
18.08999954	0.63508860
18.09999954	0.64443900
18.10999954	0.64443900
18.11999954	0.64443900
18.12999954	0.64443900
18.13999954	0.63508860
18.14999954	0.63508860
18.15999954	0.63508860
18.16999954	0.64443900
18.17999954	0.64443900
18.18999954	0.64443900
18.19999954	0.64443900
18.20999954	0.63508860
18.21999954	0.64443900
18.22999954	0.63508860
18.23999954	0.63508860
18.24999954	0.64443900
18.25999954	0.63508860
18.26999954	0.63508860
18.27999954	0.64443900
18.28999954	0.64443900
18.29999954	0.64443900
18.30999954	0.62573820
18.31999954	0.63508860
18.32999954	0.63508860
18.33999954	0.64443900
18.34999954	0.63508860
18.35999954	0.56972810
18.36999954	0.64443900
18.37999954	0.64443900
18.38999954	0.66310900
18.39999954	0.63508860
18.40999953	0.63508860
18.41999953	0.64443900
18.42999953	0.63508860
18.43999953	0.65375860
18.44999953	0.63508860
18.45999953	0.63508860
18.46999953	0.64443900
18.47999953	0.64443900
18.48999953	0.70047980
18.49999953	0.63508860
18.50999953	0.63508860
18.51999953	0.64443900
18.52999953	0.64443900
18.53999953	0.63508860
18.54999953	0.64443900
18.55999953	0.64443900
18.56999953	0.63508860
18.57999953	0.63508860
18.58999953	0.63508860
18.59999953	0.64443900
18.60999953	0.63508860
18.61999953	0.63508860
18.62999953	0.64443900
18.63999953	0.63508860
18.64999953	0.64443900
18.65999953	0.63508860
18.66999953	0.59774850
18.67999953	0.64443900
18.68999953	0.64443900
18.69999953	0.64443900
18.70999953	0.63508860
18.71999953	0.63508860
18.72999953	0.63508860
18.73999953	0.64443900
18.74999953	0.63508860
18.75999953	0.63508860
18.76999953	0.63508860
18.77999953	0.63508860
18.78999953	0.63508860
18.79999953	0.63508860
18.80999952	0.63508860
18.81999952	0.64443900
18.82999952	0.64443900
18.83999952	0.63508860
18.84999952	0.63508860
18.85999952	0.63508860
18.86999952	0.63508860
18.87999952	0.63508860
18.88999952	0.63508860
18.89999952	0.64443900
18.90999952	0.64443900
18.91999952	0.63508860
18.92999952	0.63508860
18.93999952	0.63508860
18.94999952	0.63508860
18.95999952	0.64443900
18.96999952	0.63508860
18.97999952	0.60706820
18.98999952	0.63508860
18.99999952	0.64443900
19.00999952	0.63508860
19.01999952	0.64443900
19.02999952	0.64443900
19.03999952	0.63508860
19.04999952	0.64443900
19.05999952	0.64443900
19.06999952	0.63508860
19.07999952	0.64443900
19.08999952	0.64443900
19.09999952	0.63508860
19.10999952	0.62573820
19.11999952	0.63508860
19.12999952	0.63508860
19.13999952	0.64443900
19.14999952	0.64443900
19.15999952	0.64443900
19.16999952	0.65375860
19.17999952	0.63508860
19.18999952	0.64443900
19.19999951	0.64443900
19.20999951	0.64443900
19.21999951	0.63508860
19.22999951	0.64443900
19.23999951	0.59774850
19.24999951	0.64443900
19.25999951	0.64443900
19.26999951	0.64443900
19.27999951	0.64443900
19.28999951	0.62573820
19.29999951	0.64443900
19.30999951	0.64443900
19.31999951	0.64443900
19.32999951	0.64443900
19.33999951	0.64443900
19.34999951	0.63508860
19.35999951	0.63508860
19.36999951	0.63508860
19.37999951	0.63508860
19.38999951	0.64443900
19.39999951	0.64443900
19.40999951	0.64443900
19.41999951	0.64443900
19.42999951	0.64443900
19.43999951	0.63508860
19.44999951	0.62573820
19.45999951	0.64443900
19.46999951	0.63508860
19.47999951	0.63508860
19.48999951	0.64443900
19.49999951	0.66310900
19.50999951	0.63508860
19.51999951	0.63508860
19.52999951	0.64443900
19.53999951	0.64443900
19.54999951	0.63508860
19.55999951	0.63508860
19.56999951	0.64443900
19.57999951	0.64443900
19.58999951	0.63508860
19.59999950	0.61641850
19.60999950	0.63508860
19.61999950	0.64443900
19.62999950	0.64443900
19.63999950	0.63508860
19.64999950	0.63508860
19.65999950	0.64443900
19.66999950	0.64443900
19.67999950	0.64443900
19.68999950	0.63508860
19.69999950	0.64443900
19.70999950	0.63508860
19.71999950	0.63508860
19.72999950	0.63508860
19.73999950	0.64443900
19.74999950	0.64443900
19.75999950	0.64443900
19.76999950	0.63508860
19.77999950	0.64443900
19.78999950	0.64443900
19.79999950	0.64443900
19.80999950	0.65375860
19.81999950	0.64443900
19.82999950	0.63508860
19.83999950	0.64443900
19.84999950	0.64443900
19.85999950	0.59774850
19.86999950	0.63508860
19.87999950	0.64443900
19.88999950	0.64443900
19.89999950	0.64443900
19.90999950	0.63508860
19.91999950	0.64443900
19.92999950	0.63508860
19.93999950	0.63508860
19.94999950	0.63508860
19.95999950	0.64443900
19.96999950	0.64443900
19.97999950	0.63508860
19.98999950	0.64443900
19.99999949	0.63508860
20.00999949	0.63508860
20.01999949	0.63508860
20.02999949	0.64443900
