-315.99998474	0.23348300
-315.49998478	0.22413260
-314.99998481	0.22413260
-314.49998484	0.22413260
-313.99998488	0.21481300
-313.49998491	0.21481300
-312.99998495	0.22413260
-312.49998498	0.22413260
-311.99998502	0.22413260
-311.49998505	0.21481300
-310.99998509	0.22413260
-310.49998512	0.22413260
-309.99998515	0.22413260
-309.49998519	0.23348300
-308.99998522	0.23348300
-308.49998526	0.22413260
-307.99998529	0.22413260
-307.49998533	0.23348300
-306.99998536	0.22413260
-306.49998540	0.22413260
-305.99998543	0.22413260
-305.49998546	0.22413260
-304.99998550	0.22413260
-304.49998553	0.22413260
-303.99998557	0.21481300
-303.49998560	0.22413260
-302.99998564	0.22413260
-302.49998567	0.22413260
-301.99998571	0.22413260
-301.49998574	0.23348300
-300.99998577	0.22413260
-300.49998581	0.22413260
-299.99998584	0.21481300
-299.49998588	0.22413260
-298.99998591	0.22413260
-298.49998595	0.23348300
-297.99998598	0.23348300
-297.49998602	0.22413260
-296.99998605	0.22413260
-296.49998609	0.22413260
-295.99998612	0.22413260
-295.49998615	0.23348300
-294.99998619	0.22413260
-294.49998622	0.22413260
-293.99998626	0.23348300
-293.49998629	0.22413260
-292.99998633	0.22413260
-292.49998636	0.22413260
-291.99998640	0.22413260
-291.49998643	0.22413260
-290.99998646	0.22413260
-290.49998650	0.22413260
-289.99998653	0.22413260
-289.49998657	0.22413260
-288.99998660	0.21481300
-288.49998664	0.22413260
-287.99998667	0.22413260
-287.49998671	0.22413260
-286.99998674	0.22413260
-286.49998677	0.22413260
-285.99998681	0.22413260
-285.49998684	0.22413260
-284.99998688	0.22413260
-284.49998691	0.23348300
-283.99998695	0.22413260
-283.49998698	0.22413260
-282.99998702	0.23348300
-282.49998705	0.22413260
-281.99998708	0.22413260
-281.49998712	0.22413260
-280.99998715	0.22413260
-280.49998719	0.22413260
-279.99998722	0.22413260
-279.49998726	0.23348300
-278.99998729	0.22413260
-278.49998733	0.22413260
-277.99998736	0.22413260
-277.49998739	0.22413260
-276.99998743	0.22413260
-276.49998746	0.22413260
-275.99998750	0.22413260
-275.49998753	0.23348300
-274.99998757	0.22413260
-274.49998760	0.22413260
-273.99998764	0.22413260
-273.49998767	0.22413260
-272.99998770	0.22413260
-272.49998774	0.21481300
-271.99998777	0.23348300
-271.49998781	0.22413260
-270.99998784	0.22413260
-270.49998788	0.22413260
-269.99998791	0.25215300
-269.49998795	0.22413260
-268.99998798	0.22413260
-268.49998801	0.22413260
-267.99998805	0.22413260
-267.49998808	0.22413260
-266.99998812	0.22413260
-266.49998815	0.28952390
-265.99998819	0.22413260
-265.49998822	0.22413260
-264.99998826	0.22413260
-264.49998829	0.21481300
-263.99998832	0.22413260
-263.49998836	0.22413260
-262.99998839	0.23348300
-262.49998843	0.22413260
-261.99998846	0.23348300
-261.49998850	0.22413260
-260.99998853	0.23348300
-260.49998857	0.22413260
-259.99998860	0.22413260
-259.49998864	0.22413260
-258.99998867	0.22413260
-258.49998870	0.22413260
-257.99998874	0.22413260
-257.49998877	0.23348300
-256.99998881	0.23348300
-256.49998884	0.23348300
-255.99998888	0.22413260
-255.49998891	0.23348300
-254.99998895	0.23348300
-254.49998898	0.22413260
-253.99998901	0.22413260
-253.49998905	0.22413260
-252.99998908	0.22413260
-252.49998912	0.23348300
-251.99998915	0.22413260
-251.49998919	0.22413260
-250.99998922	0.21481300
-250.49998926	0.22413260
-249.99998929	0.22413260
-249.49998932	0.23348300
-248.99998936	0.22413260
-248.49998939	0.22413260
-247.99998943	0.22413260
-247.49998946	0.22413260
-246.99998950	0.22413260
-246.49998953	0.23348300
-245.99998957	0.22413260
-245.49998960	0.22413260
-244.99998963	0.22413260
-244.49998967	0.22413260
-243.99998970	0.22413260
-243.49998974	0.22413260
-242.99998977	0.22413260
-242.49998981	0.22413260
-241.99998984	0.23348300
-241.49998988	0.22413260
-240.99998991	0.22413260
-240.49998994	0.24283340
-239.99998998	0.22413260
-239.49999001	0.23348300
-238.99999005	0.23348300
-238.49999008	0.22413260
-237.99999012	0.22413260
-237.49999015	0.22413260
-236.99999019	0.22413260
-236.49999022	0.22413260
-235.99999025	0.22413260
-235.49999029	0.23348300
-234.99999032	0.23348300
-234.49999036	0.23348300
-233.99999039	0.22413260
-233.49999043	0.22413260
-232.99999046	0.22413260
-232.49999050	0.23348300
-231.99999053	0.22413260
-231.49999056	0.22413260
-230.99999060	0.23348300
-230.49999063	0.22413260
-229.99999067	0.22413260
-229.49999070	0.22413260
-228.99999074	0.23348300
-228.49999077	0.23348300
-227.99999081	0.22413260
-227.49999084	0.22413260
-226.99999087	0.22413260
-226.49999091	0.22413260
-225.99999094	0.23348300
-225.49999098	0.22413260
-224.99999101	0.20546260
-224.49999105	0.22413260
-223.99999108	0.22413260
-223.49999112	0.24283340
-222.99999115	0.22413260
-222.49999119	0.22413260
-221.99999122	0.22413260
-221.49999125	0.23348300
-220.99999129	0.23348300
-220.49999132	0.23348300
-219.99999136	0.22413260
-219.49999139	0.23348300
-218.99999143	0.23348300
-218.49999146	0.22413260
-217.99999150	0.22413260
-217.49999153	0.24283340
-216.99999156	0.22413260
-216.49999160	0.23348300
-215.99999163	0.23348300
-215.49999167	0.23348300
-214.99999170	0.23348300
-214.49999174	0.22413260
-213.99999177	0.23348300
-213.49999181	0.23348300
-212.99999184	0.23348300
-212.49999187	0.23348300
-211.99999191	0.22413260
-211.49999194	0.22413260
-210.99999198	0.23348300
-210.49999201	0.23348300
-209.99999205	0.23348300
-209.49999208	0.23348300
-208.99999212	0.22413260
-208.49999215	0.23348300
-207.99999218	0.23348300
-207.49999222	0.23348300
-206.99999225	0.23348300
-206.49999229	0.23348300
-205.99999232	0.22413260
-205.49999236	0.23348300
-204.99999239	0.22413260
-204.49999243	0.23348300
-203.99999246	0.23348300
-203.49999249	0.23348300
-202.99999253	0.22413260
-202.49999256	0.23348300
-201.99999260	0.17744220
-201.49999263	0.23348300
-200.99999267	0.23348300
-200.49999270	0.23348300
-199.99999274	0.26150350
-199.49999277	0.24283340
-198.99999280	0.22413260
-198.49999284	0.22413260
-197.99999287	0.22413260
-197.49999291	0.23348300
-196.99999294	0.23348300
-196.49999298	0.22413260
-195.99999301	0.23348300
-195.49999305	0.23348300
-194.99999308	0.20546260
-194.49999311	0.23348300
-193.99999315	0.22413260
-193.49999318	0.24283340
-192.99999322	0.22413260
-192.49999325	0.24283340
-191.99999329	0.23348300
-191.49999332	0.23348300
-190.99999336	0.22413260
-190.49999339	0.23348300
-189.99999342	0.23348300
-189.49999346	0.23348300
-188.99999349	0.23348300
-188.49999353	0.23348300
-187.99999356	0.23348300
-187.49999360	0.24283340
-186.99999363	0.23348300
-186.49999367	0.23348300
-185.99999370	0.23348300
-185.49999373	0.22413260
-184.99999377	0.23348300
-184.49999380	0.23348300
-183.99999384	0.24283340
-183.49999387	0.23348300
-182.99999391	0.23348300
-182.49999394	0.27085380
-181.99999398	0.23348300
-181.49999401	0.23348300
-180.99999405	0.23348300
-180.49999408	0.23348300
-179.99999411	0.23348300
-179.49999415	0.23348300
-178.99999418	0.23348300
-178.49999422	0.23348300
-177.99999425	0.23348300
-177.49999429	0.23348300
-176.99999432	0.23348300
-176.49999436	0.23348300
-175.99999439	0.23348300
-175.49999442	0.23348300
-174.99999446	0.23348300
-174.49999449	0.23348300
-173.99999453	0.28017350
-173.49999456	0.23348300
-172.99999460	0.24283340
-172.49999463	0.23348300
-171.99999467	0.23348300
-171.49999470	0.24283340
-170.99999473	0.23348300
-170.49999477	0.23348300
-169.99999480	0.23348300
-169.49999484	0.25215300
-168.99999487	0.23348300
-168.49999491	0.24283340
-167.99999494	0.23348300
-167.49999498	0.23348300
-166.99999501	0.23348300
-166.49999504	0.23348300
-165.99999508	0.24283340
-165.49999511	0.23348300
-164.99999515	0.23348300
-164.49999518	0.23348300
-163.99999522	0.23348300
-163.49999525	0.23348300
-162.99999529	0.24283340
-162.49999532	0.23348300
-161.99999535	0.23348300
-161.49999539	0.24283340
-160.99999542	0.23348300
-160.49999546	0.24283340
-159.99999549	0.24283340
-159.49999553	0.24283340
-158.99999556	0.22413260
-158.49999560	0.24283340
-157.99999563	0.23348300
-157.49999566	0.24283340
-156.99999570	0.24283340
-156.49999573	0.23348300
-155.99999577	0.24283340
-155.49999580	0.24283340
-154.99999584	0.24283340
-154.49999587	0.21481300
-153.99999591	0.23348300
-153.49999594	0.23348300
-152.99999597	0.23348300
-152.49999601	0.24283340
-151.99999604	0.25215300
-151.49999608	0.23348300
-150.99999611	0.24283340
-150.49999615	0.24283340
-149.99999618	0.24283340
-149.49999622	0.24283340
-148.99999625	0.23348300
-148.49999628	0.24283340
-147.99999632	0.24283340
-147.49999635	0.23348300
-146.99999639	0.23348300
-146.49999642	0.24283340
-145.99999646	0.23348300
-145.49999649	0.24283340
-144.99999653	0.24283340
-144.49999656	0.26150350
-143.99999660	0.24283340
-143.49999663	0.23348300
-142.99999666	0.24283340
-142.49999670	0.24283340
-141.99999673	0.25215300
-141.49999677	0.24283340
-140.99999680	0.23348300
-140.49999684	0.24283340
-139.99999687	0.24283340
-139.49999691	0.24283340
-138.99999694	0.24283340
-138.49999697	0.24283340
-137.99999701	0.24283340
-137.49999704	0.24283340
-136.99999708	0.25215300
-136.49999711	0.23348300
-135.99999715	0.24283340
-135.49999718	0.24283340
-134.99999722	0.24283340
-134.49999725	0.24283340
-133.99999728	0.24283340
-133.49999732	0.25215300
-132.99999735	0.24283340
-132.49999739	0.23348300
-131.99999742	0.24283340
-131.49999746	0.24283340
-130.99999749	0.25215300
-130.49999753	0.24283340
-129.99999756	0.24283340
-129.49999759	0.26150350
-128.99999763	0.24283340
-128.49999766	0.24283340
-127.99999770	0.24283340
-127.49999773	0.25215300
-126.99999777	0.24283340
-126.49999780	0.22413260
-125.99999784	0.24283340
-125.49999787	0.25215300
-124.99999790	0.24283340
-124.49999794	0.24283340
-123.99999797	0.25215300
-123.49999801	0.24283340
-122.99999804	0.24283340
-122.49999808	0.24283340
-121.99999811	0.24283340
-121.49999815	0.25215300
-120.99999818	0.24283340
-120.49999821	0.24283340
-119.99999825	0.24283340
-119.49999828	0.24283340
-118.99999832	0.25215300
-118.49999835	0.25215300
-117.99999839	0.24283340
-117.49999842	0.25215300
-116.99999846	0.24283340
-116.49999849	0.25215300
-115.99999852	0.24283340
-115.49999856	0.25215300
-114.99999859	0.26150350
-114.49999863	0.25215300
-113.99999866	0.24283340
-113.49999870	0.25215300
-112.99999873	0.25215300
-112.49999877	0.25215300
-111.99999880	0.24283340
-111.49999883	0.24283340
-110.99999887	0.24283340
-110.49999890	0.25215300
-109.99999894	0.25215300
-109.49999897	0.24283340
-108.99999901	0.25215300
-108.49999904	0.25215300
-107.99999908	0.25215300
-107.49999911	0.25215300
-106.99999915	0.24283340
-106.49999918	0.25215300
-105.99999921	0.25215300
-105.49999925	0.24283340
-104.99999928	0.25215300
-104.49999932	0.24283340
-103.99999935	0.25215300
-103.49999939	0.24283340
-102.99999942	0.25215300
-102.49999946	0.25215300
-101.99999949	0.25215300
-101.49999952	0.25215300
-100.99999956	0.25215300
-100.49999959	0.25215300
-99.99999963	0.25215300
-99.49999966	0.24283340
-98.99999970	0.25215300
-98.49999973	0.27085380
-97.99999977	0.25215300
-97.49999980	0.25215300
-96.99999983	0.25215300
-96.49999987	0.25215300
-95.99999990	0.25215300
-95.49999994	0.25215300
-94.99999997	0.25215300
-94.50000001	0.25215300
-94.00000004	0.25215300
-93.50000008	0.23348300
-93.00000011	0.25215300
-92.50000014	0.26150350
-92.00000018	0.24283340
-91.50000021	0.25215300
-91.00000025	0.25215300
-90.50000028	0.25215300
-90.00000032	0.25215300
-89.50000035	0.25215300
-89.00000039	0.25215300
-88.50000042	0.23348300
-88.00000045	0.26150350
-87.50000049	0.26150350
-87.00000052	0.25215300
-86.50000056	0.25215300
-86.00000059	0.25215300
-85.50000063	0.25215300
-85.00000066	0.25215300
-84.50000070	0.25215300
-84.00000073	0.29887430
-83.50000076	0.24283340
-83.00000080	0.25215300
-82.50000083	0.26150350
-82.00000087	0.25215300
-81.50000090	0.26150350
-81.00000094	0.26150350
-80.50000097	0.26150350
-80.00000101	0.25215300
-79.50000104	0.25215300
-79.00000107	0.25215300
-78.50000111	0.26150350
-78.00000114	0.26150350
-77.50000118	0.25215300
-77.00000121	0.26150350
-76.50000125	0.25215300
-76.00000128	0.26150350
-75.50000132	0.25215300
-75.00000135	0.26150350
-74.50000138	0.27085380
-74.00000142	0.26150350
-73.50000145	0.25215300
-73.00000149	0.26150350
-72.50000152	0.26150350
-72.00000156	0.26150350
-71.50000159	0.26150350
-71.00000163	0.26150350
-70.50000166	0.26150350
-70.00000170	0.26150350
-69.50000173	0.25215300
-69.00000176	0.26150350
-68.50000180	0.26150350
-68.00000183	0.26150350
-67.50000187	0.25215300
-67.00000190	0.26150350
-66.50000194	0.26150350
-66.00000197	0.26150350
-65.50000201	0.26150350
-65.00000204	0.26150350
-64.50000207	0.26150350
-64.00000211	0.26150350
-63.50000214	0.26150350
-63.00000218	0.26150350
-62.50000221	0.26150350
-62.00000225	0.26150350
-61.50000228	0.27085380
-61.00000232	0.26150350
-60.50000235	0.26150350
-60.00000238	0.25215300
-59.50000242	0.26150350
-59.00000245	0.25215300
-58.50000249	0.26150350
-58.00000252	0.27085380
-57.50000256	0.27085380
-57.00000259	0.26150350
-56.50000263	0.26150350
-56.00000266	0.26150350
-55.50000269	0.26150350
-55.00000273	0.27085380
-54.50000276	0.26150350
-54.00000280	0.26150350
-53.50000283	0.27085380
-53.00000287	0.26150350
-52.50000290	0.27085380
-52.00000294	0.27085380
-51.50000297	0.26150350
-51.00000300	0.27085380
-50.50000304	0.26150350
-50.00000307	0.27085380
-49.50000311	0.27085380
-49.00000314	0.26150350
-48.50000318	0.27085380
-48.00000321	0.27085380
-47.50000325	0.27085380
-47.00000328	0.26150350
-46.50000331	0.27085380
-46.00000335	0.29887430
-45.50000338	0.28017350
-45.00000342	0.27085380
-44.50000345	0.25215300
-44.00000349	0.27085380
-43.50000352	0.27085380
-43.00000356	0.27085380
-42.50000359	0.27085380
-42.00000362	0.27085380
-41.50000366	0.27085380
-41.00000369	0.27085380
-40.50000373	0.27085380
-40.00000376	0.26150350
-39.50000380	0.27085380
-39.00000383	0.27085380
-38.50000387	0.27085380
-38.00000390	0.27085380
-37.50000393	0.27085380
-37.00000397	0.27085380
-36.50000400	0.28017350
-36.00000404	0.27085380
-35.50000407	0.28017350
-35.00000411	0.27085380
-34.50000414	0.26150350
-34.00000418	0.27085380
-33.50000421	0.26150350
-33.00000424	0.27085380
-32.50000428	0.28017350
-32.00000431	0.28017350
-31.50000435	0.27085380
-31.00000438	0.28017350
-30.50000442	0.28017350
-30.00000445	0.28017350
-29.50000449	0.27085380
-29.00000452	0.27085380
-28.50000456	0.28017350
-28.00000459	0.28017350
-27.50000462	0.27085380
-27.00000466	0.27085380
-26.50000469	0.27085380
-26.00000473	0.27085380
-25.50000476	0.27085380
-25.00000480	0.27085380
-24.50000483	0.28017350
-24.00000487	0.28017350
-23.50000490	0.28017350
-23.00000493	0.28017350
-22.50000497	0.28017350
-22.00000500	0.28017350
-21.50000504	0.28952390
-21.00000507	0.27085380
-20.50000511	0.28017350
-20.00000514	0.28017350
-19.50000518	0.28017350
-19.00000521	0.29887430
-18.50000524	0.28017350
-18.00000528	0.31754430
-17.50000531	0.28017350
-17.00000535	0.28017350
-16.50000538	0.28017350
-16.00000542	0.27085380
-15.50000545	0.28017350
-15.00000549	0.28017350
-14.50000552	0.28952390
-14.00000555	0.28017350
-13.50000559	0.28017350
-13.00000562	0.28017350
-12.50000566	0.27085380
-12.00000569	0.28017350
-11.50000573	0.28017350
-11.00000576	0.28952390
-10.50000580	0.28017350
-10.00000583	0.28017350
-9.50000586	0.28017350
-9.00000590	0.28952390
-8.50000593	0.28952390
-8.00000597	0.28952390
-7.50000600	0.28952390
-7.00000604	0.28952390
-6.50000607	0.28017350
-6.00000611	0.28952390
-5.50000614	0.28952390
-5.00000617	0.26150350
-4.50000621	0.28017350
-4.00000624	0.28952390
-3.50000628	0.28952390
-3.00000631	0.28017350
-2.50000635	0.28952390
-2.00000638	0.28952390
-1.50000642	0.28952390
-1.00000645	0.28952390
-0.50000648	0.28952390
-0.00000652	0.32686390
0.49999345	0.28017350
0.99999341	0.28952390
1.49999338	0.28017350
1.99999334	0.28952390
2.49999331	0.28017350
2.99999327	0.28952390
3.49999324	0.28952390
3.99999321	0.28952390
4.49999317	0.28952390
4.99999314	0.28952390
5.49999310	0.29887430
5.99999307	0.28952390
6.49999303	0.29887430
6.99999300	0.28952390
7.49999296	0.29887430
7.99999293	0.28952390
8.49999289	0.28952390
8.99999286	0.28952390
9.49999283	0.28952390
9.99999279	0.29887430
10.49999276	0.29887430
10.99999272	0.28952390
11.49999269	0.28952390
11.99999265	0.28952390
12.49999262	0.29887430
12.99999258	0.28952390
13.49999255	0.28952390
13.99999252	0.28952390
14.49999248	0.28952390
14.99999245	0.30819390
15.49999241	0.29887430
15.99999238	0.29887430
16.49999234	0.29887430
16.99999231	0.28952390
17.49999227	0.28952390
17.99999224	0.29887430
18.49999221	0.29887430
18.99999217	0.28952390
19.49999214	0.29887430
19.99999210	0.29887430
20.49999207	0.30819390
20.99999203	0.29887430
21.49999200	0.29887430
21.99999196	0.29887430
22.49999193	0.29887430
22.99999190	0.28952390
23.49999186	0.29887430
23.99999183	0.29887430
24.49999179	0.29887430
24.99999176	0.28952390
25.49999172	0.29887430
25.99999169	0.29887430
26.49999165	0.27085380
26.99999162	0.28952390
27.49999159	0.30819390
27.99999155	0.29887430
28.49999152	0.29887430
28.99999148	0.29887430
29.49999145	0.29887430
29.99999141	0.29887430
30.49999138	0.29887430
30.99999134	0.31754430
31.49999131	0.30819390
31.99999128	0.29887430
32.49999124	0.30819390
32.99999121	0.30819390
33.49999117	0.29887430
33.99999114	0.29887430
34.49999110	0.29887430
34.99999107	0.29887430
35.49999103	0.29887430
35.99999100	0.31754430
36.49999097	0.29887430
36.99999093	0.29887430
37.49999090	0.29887430
37.99999086	0.29887430
38.49999083	0.30819390
38.99999079	0.30819390
39.49999076	0.30819390
39.99999072	0.30819390
40.49999069	0.29887430
40.99999066	0.30819390
41.49999062	0.29887430
41.99999059	0.30819390
42.49999055	0.30819390
42.99999052	0.30819390
43.49999048	0.30819390
43.99999045	0.30819390
44.49999041	0.30819390
44.99999038	0.30819390
45.49999034	0.30819390
45.99999031	0.30819390
46.49999028	0.28017350
46.99999024	0.31754430
47.49999021	0.30819390
47.99999017	0.31754430
48.49999014	0.29887430
48.99999010	0.30819390
49.49999007	0.31754430
49.99999003	0.31754430
50.49999000	0.25215300
50.99998997	0.31754430
51.49998993	0.31754430
51.99998990	0.31754430
52.49998986	0.30819390
52.99998983	0.30819390
53.49998979	0.29887430
53.99998976	0.31754430
54.49998972	0.31754430
54.99998969	0.30819390
55.49998966	0.31754430
55.99998962	0.32686390
56.49998959	0.31754430
56.99998955	0.31754430
57.49998952	0.31754430
57.99998948	0.31754430
58.49998945	0.31754430
58.99998941	0.31754430
59.49998938	0.30819390
59.99998935	0.31754430
60.49998931	0.31754430
60.99998928	0.31754430
61.49998924	0.31754430
61.99998921	0.31754430
62.49998917	0.31754430
62.99998914	0.31754430
63.49998910	0.31754430
63.99998907	0.31754430
64.49998904	0.31754430
64.99998900	0.29887430
65.49998897	0.31754430
65.99998893	0.30819390
66.49998890	0.31754430
66.99998886	0.32686390
67.49998883	0.32686390
67.99998879	0.32686390
68.49998876	0.30819390
68.99998873	0.32686390
69.49998869	0.31754430
69.99998866	0.31754430
70.49998862	0.31754430
70.99998859	0.32686390
71.49998855	0.31754430
71.99998852	0.33621430
72.49998848	0.32686390
72.99998845	0.32686390
73.49998842	0.32686390
73.99998838	0.32686390
74.49998835	0.31754430
74.99998831	0.32686390
75.49998828	0.32686390
75.99998824	0.31754430
76.49998821	0.32686390
76.99998817	0.31754430
77.49998814	0.31754430
77.99998811	0.32686390
78.49998807	0.32686390
78.99998804	0.31754430
79.49998800	0.32686390
79.99998797	0.33621430
80.49998793	0.32686390
80.99998790	0.32686390
81.49998786	0.32686390
81.99998783	0.32686390
82.49998780	0.33621430
82.99998776	0.32686390
83.49998773	0.32686390
83.99998769	0.32686390
84.49998766	0.31754430
84.99998762	0.33621430
85.49998759	0.33621430
85.99998755	0.33621430
86.49998752	0.32686390
86.99998748	0.32686390
87.49998745	0.33621430
87.99998742	0.33621430
88.49998738	0.33621430
88.99998735	0.33621430
89.49998731	0.32686390
89.99998728	0.33621430
90.49998724	0.33621430
90.99998721	0.30819390
91.49998717	0.33621430
91.99998714	0.32686390
92.49998711	0.33621430
92.99998707	0.33621430
93.49998704	0.33621430
93.99998700	0.33621430
94.49998697	0.32686390
94.99998693	0.33621430
95.49998690	0.32686390
95.99998686	0.33621430
96.49998683	0.33621430
96.99998680	0.35488440
97.49998676	0.33621430
97.99998673	0.33621430
98.49998669	0.33621430
98.99998666	0.34556470
99.49998662	0.33621430
99.99998659	0.34556470
100.49998655	0.33621430
100.99998652	0.33621430
101.49998649	0.34556470
101.99998645	0.33621430
102.49998642	0.33621430
102.99998638	0.33621430
103.49998635	0.34556470
103.99998631	0.39225520
104.49998628	0.33621430
104.99998624	0.33621430
105.49998621	0.34556470
105.99998618	0.34556470
106.49998614	0.35488440
106.99998611	0.34556470
107.49998607	0.34556470
107.99998604	0.34556470
108.49998600	0.33621430
108.99998597	0.34556470
109.49998593	0.33621430
109.99998590	0.34556470
110.49998587	0.34556470
110.99998583	0.34556470
111.49998580	0.35488440
111.99998576	0.34556470
112.49998573	0.34556470
112.99998569	0.34556470
113.49998566	0.34556470
113.99998562	0.34556470
114.49998559	0.33621430
114.99998556	0.30819390
115.49998552	0.14007140
115.99998549	0.34556470
116.49998545	0.36423470
116.99998542	0.35488440
117.49998538	0.36423470
117.99998535	0.34556470
118.49998531	0.35488440
118.99998528	0.35488440
119.49998525	0.35488440
119.99998521	0.34556470
120.49998518	0.31754430
120.99998514	0.35488440
121.49998511	0.35488440
121.99998507	0.35488440
122.49998504	0.34556470
122.99998500	0.35488440
123.49998497	0.34556470
123.99998493	0.35488440
124.49998490	0.35488440
124.99998487	0.35488440
125.49998483	0.34556470
125.99998480	0.35488440
126.49998476	0.35488440
126.99998473	0.35488440
127.49998469	0.36423470
127.99998466	0.35488440
128.49998462	0.35488440
128.99998459	0.32686390
129.49998456	0.35488440
129.99998452	0.36423470
130.49998449	0.35488440
130.99998445	0.35488440
131.49998442	0.36423470
131.99998438	0.35488440
132.49998435	0.35488440
132.99998431	0.35488440
133.49998428	0.35488440
133.99998425	0.36423470
134.49998421	0.36423470
134.99998418	0.36423470
135.49998414	0.37358510
135.99998411	0.37358510
136.49998407	0.35488440
136.99998404	0.36423470
137.49998400	0.37358510
137.99998397	0.36423470
138.49998394	0.36423470
138.99998390	0.36423470
139.49998387	0.36423470
139.99998383	0.36423470
140.49998380	0.37358510
140.99998376	0.36423470
141.49998373	0.35488440
141.99998369	0.36423470
142.49998366	0.36423470
142.99998363	0.36423470
143.49998359	0.36423470
143.99998356	0.36423470
144.49998352	0.36423470
144.99998349	0.36423470
145.49998345	0.37358510
145.99998342	0.36423470
146.49998338	0.36423470
146.99998335	0.36423470
147.49998332	0.36423470
147.99998328	0.36423470
148.49998325	0.40160550
148.99998321	0.37358510
149.49998318	0.37358510
149.99998314	0.37358510
150.49998311	0.37358510
150.99998307	0.37358510
151.49998304	0.37358510
151.99998301	0.36423470
152.49998297	0.37358510
152.99998294	0.37358510
153.49998290	0.37358510
153.99998287	0.37358510
154.49998283	0.37358510
154.99998280	0.37358510
155.49998276	0.37358510
155.99998273	0.38290480
156.49998270	0.37358510
156.99998266	0.37358510
157.49998263	0.37358510
157.99998259	0.37358510
158.49998256	0.38290480
158.99998252	0.37358510
159.49998249	0.37358510
159.99998245	0.37358510
160.49998242	0.37358510
160.99998238	0.33621430
161.49998235	0.39225520
161.99998232	0.38290480
162.49998228	0.42962600
162.99998225	0.37358510
163.49998221	0.37358510
163.99998218	0.37358510
164.49998214	0.38290480
164.99998211	0.38290480
165.49998207	0.36423470
165.99998204	0.38290480
166.49998201	0.38290480
166.99998197	0.38290480
167.49998194	0.38290480
167.99998190	0.38290480
168.49998187	0.38290480
168.99998183	0.39225520
169.49998180	0.38290480
169.99998176	0.38290480
170.49998173	0.38290480
170.99998170	0.37358510
171.49998166	0.38290480
171.99998163	0.38290480
172.49998159	0.39225520
172.99998156	0.38290480
173.49998152	0.38290480
173.99998149	0.39225520
174.49998145	0.39225520
174.99998142	0.39225520
175.49998139	0.38290480
175.99998135	0.39225520
176.49998132	0.38290480
176.99998128	0.39225520
177.49998125	0.39225520
177.99998121	0.38290480
178.49998118	0.39225520
178.99998114	0.39225520
179.49998111	0.39225520
179.99998108	0.39225520
180.49998104	0.38290480
180.99998101	0.40160550
181.49998097	0.39225520
181.99998094	0.40160550
182.49998090	0.39225520
182.99998087	0.39225520
183.49998083	0.41092520
183.99998080	0.39225520
184.49998077	0.40160550
184.99998073	0.39225520
185.49998070	0.40160550
185.99998066	0.40160550
186.49998063	0.39225520
186.99998059	0.40160550
187.49998056	0.39225520
187.99998052	0.40160550
188.49998049	0.39225520
188.99998046	0.39225520
189.49998042	0.40160550
189.99998039	0.40160550
190.49998035	0.39225520
190.99998032	0.40160550
191.49998028	0.40160550
191.99998025	0.40160550
192.49998021	0.41092520
192.99998018	0.40160550
193.49998015	0.41092520
193.99998011	0.41092520
194.49998008	0.40160550
194.99998004	0.40160550
195.49998001	0.40160550
195.99997997	0.40160550
196.49997994	0.40160550
196.99997990	0.41092520
197.49997987	0.41092520
197.99997984	0.41092520
198.49997980	0.41092520
198.99997977	0.40160550
199.49997973	0.40160550
199.99997970	0.41092520
200.49997966	0.41092520
200.99997963	0.40160550
201.49997959	0.41092520
201.99997956	0.41092520
202.49997952	0.40160550
202.99997949	0.42027560
203.49997946	0.41092520
203.99997942	0.41092520
204.49997939	0.41092520
204.99997935	0.41092520
205.49997932	0.41092520
205.99997928	0.41092520
206.49997925	0.40160550
206.99997921	0.42962600
207.49997918	0.42027560
207.99997915	0.42027560
208.49997911	0.41092520
208.99997908	0.41092520
209.49997904	0.41092520
209.99997901	0.41092520
210.49997897	0.41092520
210.99997894	0.41092520
211.49997890	0.42027560
211.99997887	0.42027560
212.49997884	0.42027560
212.99997880	0.42027560
213.49997877	0.42027560
213.99997873	0.42027560
214.49997870	0.41092520
214.99997866	0.42027560
215.49997863	0.41092520
215.99997859	0.42027560
216.49997856	0.40160550
216.99997853	0.42027560
217.49997849	0.41092520
217.99997846	0.41092520
218.49997842	0.42027560
218.99997839	0.42027560
219.49997835	0.42027560
219.99997832	0.42027560
220.49997828	0.42962600
220.99997825	0.42962600
221.49997822	0.42027560
221.99997818	0.42027560
222.49997815	0.42027560
222.99997811	0.42027560
223.49997808	0.42027560
223.99997804	0.42962600
224.49997801	0.42962600
224.99997797	0.42962600
225.49997794	0.42962600
225.99997791	0.45764640
226.49997787	0.42962600
226.99997784	0.42962600
227.49997780	0.42962600
227.99997777	0.43894560
228.49997773	0.42962600
228.99997770	0.42962600
229.49997766	0.42962600
229.99997763	0.42962600
230.49997760	0.43894560
230.99997756	0.42962600
231.49997753	0.42962600
231.99997749	0.42962600
232.49997746	0.42962600
232.99997742	0.42962600
233.49997739	0.43894560
233.99997735	0.43894560
234.49997732	0.42962600
234.99997729	0.43894560
235.49997725	0.42962600
235.99997722	0.42962600
236.49997718	0.43894560
236.99997715	0.43894560
237.49997711	0.43894560
237.99997708	0.43894560
238.49997704	0.43894560
238.99997701	0.43894560
239.49997697	0.43894560
239.99997694	0.42962600
240.49997691	0.43894560
240.99997687	0.43894560
241.49997684	0.43894560
241.99997680	0.43894560
242.49997677	0.42962600
242.99997673	0.43894560
243.49997670	0.43894560
243.99997666	0.42962600
244.49997663	0.49498650
244.99997660	0.43894560
245.49997656	0.43894560
245.99997653	0.42027560
246.49997649	0.44829600
246.99997646	0.44829600
247.49997642	0.44829600
247.99997639	0.44829600
248.49997635	0.46696600
248.99997632	0.44829600
249.49997629	0.43894560
249.99997625	0.43894560
250.49997622	0.44829600
250.99997618	0.43894560
251.49997615	0.44829600
251.99997611	0.43894560
252.49997608	0.44829600
252.99997604	0.44829600
253.49997601	0.44829600
253.99997598	0.44829600
254.49997594	0.44829600
254.99997591	0.44829600
255.49997587	0.45764640
255.99997584	0.45764640
256.49997580	0.44829600
256.99997577	0.45764640
257.49997573	0.44829600
257.99997570	0.44829600
258.49997567	0.45764640
258.99997563	0.45764640
259.49997560	0.44829600
259.99997556	0.45764640
260.49997553	0.45764640
260.99997549	0.45764640
261.49997546	0.44829600
261.99997542	0.45764640
262.49997539	0.44829600
262.99997536	0.45764640
263.49997532	0.45764640
263.99997529	0.46696600
264.49997525	0.45764640
264.99997522	0.45764640
265.49997518	0.45764640
265.99997515	0.46696600
266.49997511	0.45764640
266.99997508	0.46696600
267.49997505	0.46696600
267.99997501	0.46696600
268.49997498	0.46696600
268.99997494	0.45764640
269.49997491	0.46696600
269.99997487	0.45764640
270.49997484	0.46696600
270.99997480	0.47631640
271.49997477	0.44829600
271.99997474	0.46696600
272.49997470	0.46696600
272.99997467	0.46696600
273.49997463	0.46696600
273.99997460	0.47631640
274.49997456	0.46696600
274.99997453	0.46696600
275.49997449	0.45764640
275.99997446	0.45764640
276.49997442	0.46696600
276.99997439	0.46696600
277.49997436	0.47631640
277.99997432	0.46696600
278.49997429	0.47631640
278.99997425	0.47631640
279.49997422	0.46696600
279.99997418	0.47631640
280.49997415	0.46696600
280.99997411	0.47631640
281.49997408	0.47631640
281.99997405	0.46696600
282.49997401	0.47631640
282.99997398	0.47631640
283.49997394	0.48566680
283.99997391	0.47631640
284.49997387	0.47631640
284.99997384	0.46696600
285.49997380	0.47631640
285.99997377	0.47631640
286.49997374	0.48566680
286.99997370	0.49498650
287.49997367	0.47631640
287.99997363	0.47631640
288.49997360	0.47631640
288.99997356	0.46696600
289.49997353	0.47631640
289.99997349	0.47631640
290.49997346	0.47631640
290.99997343	0.48566680
291.49997339	0.48566680
291.99997336	0.48566680
292.49997332	0.48566680
292.99997329	0.48566680
293.49997325	0.47631640
293.99997322	0.48566680
294.49997318	0.48566680
294.99997315	0.47631640
295.49997312	0.48566680
295.99997308	0.48566680
296.49997305	0.47631640
296.99997301	0.47631640
297.49997298	0.43894560
297.99997294	0.48566680
298.49997291	0.48566680
298.99997287	0.49498650
299.49997284	0.48566680
299.99997281	0.48566680
300.49997277	0.48566680
300.99997274	0.47631640
301.49997270	0.48566680
301.99997267	0.49498650
302.49997263	0.50433680
302.99997260	0.49498650
303.49997256	0.49498650
303.99997253	0.49498650
304.49997250	0.49498650
304.99997246	0.49498650
305.49997243	0.50433680
305.99997239	0.49498650
306.49997236	0.49498650
306.99997232	0.49498650
307.49997229	0.50433680
307.99997225	0.50433680
308.49997222	0.49498650
308.99997219	0.50433680
309.49997215	0.49498650
309.99997212	0.49498650
310.49997208	0.50433680
310.99997205	0.50433680
311.49997201	0.49498650
311.99997198	0.49498650
312.49997194	0.50433680
312.99997191	0.49498650
313.49997187	0.50433680
313.99997184	0.50433680
314.49997181	0.47631640
314.99997177	0.50433680
315.49997174	0.50433680
315.99997170	0.49498650
316.49997167	0.51368730
316.99997163	0.50433680
317.49997160	0.50433680
317.99997156	0.51368730
318.49997153	0.50433680
318.99997150	0.51368730
319.49997146	0.50433680
319.99997143	0.50433680
320.49997139	0.50433680
320.99997136	0.50433680
321.49997132	0.50433680
321.99997129	0.51368730
322.49997125	0.50433680
322.99997122	0.51368730
323.49997119	0.51368730
323.99997115	0.52300690
324.49997112	0.51368730
324.99997108	0.50433680
325.49997105	0.51368730
325.99997101	0.51368730
326.49997098	0.51368730
326.99997094	0.52300690
327.49997091	0.51368730
327.99997088	0.51368730
328.49997084	0.48566680
328.99997081	0.51368730
329.49997077	0.51368730
329.99997074	0.04669045
330.49997070	0.52300690
330.99997067	0.51368730
331.49997063	0.52300690
331.99997060	0.52300690
332.49997057	0.52300690
332.99997053	0.52300690
333.49997050	0.53235730
333.99997046	0.53235730
334.49997043	0.52300690
334.99997039	0.52300690
335.49997036	0.52300690
335.99997032	0.52300690
336.49997029	0.52300690
336.99997026	0.51368730
337.49997022	0.52300690
337.99997019	0.19611220
338.49997015	0.53235730
338.99997012	0.53235730
339.49997008	0.53235730
339.99997005	0.53235730
340.49997001	0.52300690
340.99996998	0.53235730
341.49996995	0.52300690
341.99996991	0.53235730
342.49996988	0.53235730
342.99996984	0.52300690
343.49996981	0.53235730
343.99996977	0.53235730
344.49996974	0.52300690
344.99996970	0.52300690
345.49996967	0.53235730
345.99996964	0.53235730
346.49996960	0.53235730
346.99996957	0.53235730
347.49996953	0.53235730
347.99996950	0.53235730
348.49996946	0.53235730
348.99996943	0.53235730
349.49996939	0.53235730
349.99996936	0.54170770
350.49996933	0.54170770
350.99996929	0.52300690
351.49996926	0.53235730
351.99996922	0.54170770
352.49996919	0.54170770
352.99996915	0.54170770
353.49996912	0.54170770
353.99996908	0.54170770
354.49996905	0.54170770
354.99996901	0.54170770
355.49996898	0.53235730
355.99996895	0.55102730
356.49996891	0.54170770
356.99996888	0.54170770
357.49996884	0.54170770
357.99996881	0.54170770
358.49996877	0.54170770
358.99996874	0.55102730
359.49996870	0.55102730
359.99996867	0.54170770
360.49996864	0.55102730
360.99996860	0.55102730
361.49996857	0.55102730
361.99996853	0.54170770
362.49996850	0.55102730
362.99996846	0.55102730
363.49996843	0.55102730
363.99996839	0.54170770
364.49996836	0.55102730
364.99996833	0.55102730
365.49996829	0.54170770
365.99996826	0.56037770
366.49996822	0.55102730
366.99996819	0.55102730
367.49996815	0.56037770
367.99996812	0.55102730
368.49996808	0.56037770
368.99996805	0.56037770
369.49996802	0.55102730
369.99996798	0.09338091
370.49996795	0.56037770
370.99996791	0.56037770
371.49996788	0.55102730
371.99996784	0.56037770
372.49996781	0.56037770
372.99996777	0.56037770
373.49996774	0.56037770
373.99996771	0.56037770
374.49996767	0.56037770
374.99996764	0.56037770
375.49996760	0.56037770
375.99996757	0.56972810
376.49996753	0.56037770
376.99996750	0.56972810
377.49996746	0.56037770
377.99996743	0.56037770
378.49996740	0.56972810
378.99996736	0.56037770
379.49996733	0.56037770
379.99996729	0.56972810
380.49996726	0.56972810
380.99996722	0.56972810
381.49996719	0.56972810
381.99996715	0.56972810
382.49996712	0.56972810
382.99996709	0.56972810
383.49996705	0.56972810
383.99996702	0.56972810
384.49996698	0.56972810
384.99996695	0.57904770
385.49996691	0.56972810
385.99996688	0.56972810
386.49996684	0.57904770
386.99996681	0.57904770
387.49996678	0.56972810
387.99996674	0.57904770
388.49996671	0.57904770
388.99996667	0.57904770
389.49996664	0.58839810
389.99996660	0.56972810
390.49996657	0.57904770
390.99996653	0.57904770
391.49996650	0.57904770
391.99996646	0.57904770
392.49996643	0.57904770
392.99996640	0.58839810
393.49996636	0.57904770
393.99996633	0.57904770
394.49996629	0.62573820
394.99996626	0.57904770
395.49996622	0.58839810
395.99996619	0.57904770
396.49996615	0.58839810
396.99996612	0.56037770
397.49996609	0.58839810
397.99996605	0.58839810
398.49996602	0.58839810
398.99996598	0.58839810
399.49996595	0.58839810
399.99996591	0.58839810
400.49996588	0.59774850
400.99996584	0.59774850
401.49996581	0.60706820
401.99996578	0.58839810
402.49996574	0.58839810
402.99996571	0.58839810
403.49996567	0.58839810
403.99996564	0.59774850
404.49996560	0.58839810
404.99996557	0.60706820
405.49996553	0.59774850
405.99996550	0.59774850
406.49996547	0.59774850
406.99996543	0.59774850
407.49996540	0.59774850
407.99996536	0.59774850
408.49996533	0.59774850
408.99996529	0.58839810
409.49996526	0.59774850
409.99996522	0.59774850
410.49996519	0.59774850
410.99996516	0.61641850
411.49996512	0.60706820
411.99996509	0.59774850
412.49996505	0.60706820
412.99996502	0.60706820
413.49996498	0.60706820
413.99996495	0.58839810
414.49996491	0.60706820
414.99996488	0.41092520
415.49996485	0.60706820
415.99996481	0.60706820
416.49996478	0.60706820
416.99996474	0.59774850
417.49996471	0.60706820
417.99996467	0.60706820
418.49996464	0.60706820
418.99996460	0.60706820
419.49996457	0.60706820
419.99996454	0.60706820
420.49996450	0.61641850
420.99996447	0.56037770
421.49996443	0.60706820
421.99996440	0.59774850
422.49996436	0.64443900
422.99996433	0.61641850
423.49996429	0.61641850
423.99996426	0.61641850
424.49996423	0.61641850
424.99996419	0.61641850
425.49996416	0.61641850
425.99996412	0.62573820
426.49996409	0.59774850
426.99996405	0.61641850
427.49996402	0.61641850
427.99996398	0.62573820
428.49996395	0.62573820
428.99996391	0.62573820
429.49996388	0.03734006
429.99996385	0.01867003
430.49996381	0.02798967
430.99996378	0.02798967
431.49996374	0.00931964
431.99996371	0.00000000
432.49996367	0.00931964
432.99996364	0.00931964
433.49996360	0.00000000
433.99996357	0.00931964
434.49996354	0.00000000
434.99996350	-0.00931964
435.49996347	-0.00931964
435.99996343	-0.00931964
436.49996340	-0.01867003
436.99996336	-0.00931964
437.49996333	-0.00931964
437.99996329	-0.00931964
438.49996326	-0.01867003
438.99996323	-0.00931964
439.49996319	-0.01867003
439.99996316	-0.00931964
440.49996312	-0.00931964
440.99996309	-0.00931964
441.49996305	0.00000000
441.99996302	0.00000000
442.49996298	0.00000000
442.99996295	0.00931964
443.49996292	0.00000000
443.99996288	0.00931964
444.49996285	0.00931964
444.99996281	0.00931964
445.49996278	0.00931964
445.99996274	0.02798967
446.49996271	0.00931964
446.99996267	0.01867003
447.49996264	0.01867003
447.99996261	0.02798967
448.49996257	0.01867003
448.99996254	0.01867003
449.49996250	0.01867003
449.99996247	0.01867003
450.49996243	0.00931964
450.99996240	0.01867003
451.49996236	0.00000000
451.99996233	0.00000000
452.49996230	0.01867003
452.99996226	0.00931964
453.49996223	-0.00931964
453.99996219	0.00931964
454.49996216	0.00931964
454.99996212	0.00000000
455.49996209	-0.00931964
455.99996205	-0.00931964
456.49996202	-0.00931964
456.99996199	-0.00931964
457.49996195	-0.00931964
457.99996192	-0.01867003
458.49996188	-0.01867003
458.99996185	-0.01867003
459.49996181	-0.01867003
459.99996178	-0.01867003
460.49996174	-0.01867003
460.99996171	-0.00931964
461.49996168	0.00931964
461.99996164	0.00000000
462.49996161	0.00000000
462.99996157	0.00000000
463.49996154	0.00000000
463.99996150	0.00931964
464.49996147	0.00000000
464.99996143	0.00931964
465.49996140	0.00931964
465.99996137	0.01867003
466.49996133	0.01867003
466.99996130	0.01867003
467.49996126	0.00931964
467.99996123	0.01867003
468.49996119	0.03734006
468.99996116	0.01867003
469.49996112	0.01867003
469.99996109	0.03734006
470.49996105	0.01867003
470.99996102	0.01867003
471.49996099	0.00931964
471.99996095	0.01867003
472.49996092	0.00931964
472.99996088	0.00931964
473.49996085	0.00000000
473.99996081	0.00931964
474.49996078	-0.00931964
474.99996074	-0.00931964
475.49996071	-0.00931964
475.99996068	-0.00931964
476.49996064	-0.00931964
476.99996061	0.00000000
477.49996057	-0.00931964
477.99996054	-0.01867003
478.49996050	-0.00931964
478.99996047	-0.00931964
479.49996043	-0.00931964
479.99996040	-0.01867003
480.49996037	-0.01867003
480.99996033	-0.00931964
481.49996030	0.00000000
481.99996026	0.00000000
482.49996023	0.00000000
482.99996019	0.00000000
483.49996016	0.00931964
483.99996012	0.00931964
484.49996009	0.00931964
484.99996006	0.00931964
485.49996002	0.02798967
485.99995999	0.01867003
486.49995995	0.01867003
486.99995992	0.00931964
487.49995988	0.01867003
487.99995985	0.02798967
488.49995981	0.01867003
488.99995978	0.01867003
489.49995975	0.02798967
489.99995971	0.02798967
490.49995968	0.01867003
490.99995964	0.01867003
491.49995961	0.00000000
491.99995957	0.02798967
492.49995954	0.01867003
492.99995950	0.00931964
493.49995947	0.00000000
493.99995944	0.00931964
494.49995940	0.00000000
494.99995937	0.00000000
495.49995933	-0.01867003
495.99995930	0.00000000
496.49995926	-0.00931964
496.99995923	0.00000000
497.49995919	-0.00931964
497.99995916	-0.00931964
498.49995913	-0.00931964
498.99995909	-0.01867003
499.49995906	-0.01867003
499.99995902	-0.01867003
500.49995899	-0.01867003
500.99995895	0.00931964
501.49995892	0.00000000
501.99995888	0.00000000
502.49995885	0.00000000
502.99995882	0.00000000
503.49995878	0.00000000
503.99995875	0.00000000
504.49995871	0.00931964
504.99995868	0.00931964
505.49995864	0.00931964
505.99995861	0.01867003
506.49995857	0.01867003
506.99995854	0.00931964
507.49995850	0.01867003
507.99995847	0.02798967
508.49995844	0.02798967
508.99995840	0.01867003
509.49995837	0.02798967
509.99995833	0.01867003
510.49995830	0.02798967
510.99995826	0.01867003
511.49995823	0.00000000
511.99995819	0.00931964
512.49995816	0.01867003
512.99995813	0.00931964
513.49995809	0.00000000
513.99995806	-0.00931964
514.49995802	0.00000000
514.99995799	-0.00931964
515.49995795	-0.00931964
515.99995792	0.00000000
516.49995788	0.00931964
516.99995785	-0.00931964
517.49995782	-0.01867003
517.99995778	-0.00931964
518.49995775	-0.00931964
518.99995771	-0.01867003
519.49995768	-0.00931964
519.99995764	-0.00931964
520.49995761	-0.02798967
520.99995757	-0.00931964
521.49995754	-0.00931964
521.99995751	0.00000000
522.49995747	-0.00931964
522.99995744	-0.00931964
523.49995740	0.00931964
523.99995737	0.00000000
524.49995733	0.00000000
524.99995730	0.00931964
525.49995726	0.01867003
525.99995723	0.02798967
526.49995720	0.00931964
526.99995716	0.01867003
527.49995713	0.00931964
527.99995709	0.01867003
528.49995706	0.01867003
528.99995702	0.01867003
529.49995699	0.01867003
529.99995695	0.01867003
530.49995692	0.02798967
530.99995689	0.00931964
531.49995685	0.00000000
531.99995682	0.00931964
532.49995678	0.01867003
532.99995675	0.00000000
533.49995671	0.00931964
533.99995668	0.00931964
534.49995664	0.00000000
534.99995661	-0.00931964
535.49995658	-0.00931964
535.99995654	-0.00931964
536.49995651	0.00000000
536.99995647	-0.01867003
537.49995644	-0.00931964
537.99995640	-0.02798967
538.49995637	-0.01867003
538.99995633	-0.00931964
539.49995630	-0.01867003
539.99995627	-0.00931964
540.49995623	-0.00931964
540.99995620	-0.01867003
541.49995616	0.00000000
541.99995613	0.00000000
542.49995609	0.00000000
542.99995606	0.00000000
543.49995602	0.00000000
543.99995599	0.00931964
544.49995595	0.00000000
544.99995592	0.00931964
545.49995589	0.01867003
545.99995585	0.02798967
546.49995582	0.00000000
546.99995578	0.00931964
547.49995575	0.01867003
547.99995571	0.01867003
548.49995568	0.02798967
548.99995564	0.00931964
549.49995561	0.01867003
549.99995558	0.02798967
550.49995554	0.01867003
550.99995551	0.01867003
551.49995547	0.00000000
551.99995544	0.01867003
552.49995540	0.01867003
552.99995537	0.00000000
553.49995533	-0.00931964
553.99995530	0.00000000
554.49995527	0.00000000
554.99995523	0.00000000
555.49995520	-0.00931964
555.99995516	0.00000000
556.49995513	-0.00931964
556.99995509	0.00000000
557.49995506	-0.00931964
557.99995502	-0.00931964
558.49995499	-0.01867003
558.99995496	-0.00931964
559.49995492	-0.00931964
559.99995489	-0.01867003
560.49995485	-0.01867003
560.99995482	-0.01867003
561.49995478	0.00000000
561.99995475	-0.01867003
562.49995471	0.00000000
562.99995468	0.00931964
563.49995465	0.00000000
563.99995461	0.00000000
564.49995458	0.01867003
564.99995454	0.00931964
565.49995451	0.00931964
565.99995447	0.01867003
566.49995444	0.01867003
566.99995440	0.01867003
567.49995437	0.01867003
567.99995434	0.02798967
568.49995430	0.03734006
568.99995427	0.00931964
569.49995423	0.01867003
569.99995420	0.02798967
570.49995416	0.01867003
570.99995413	0.02798967
571.49995409	0.00931964
571.99995406	0.01867003
572.49995403	0.01867003
572.99995399	0.00000000
573.49995396	0.00000000
573.99995392	0.00000000
574.49995389	0.00000000
574.99995385	0.00000000
575.49995382	-0.00931964
575.99995378	-0.00931964
576.49995375	0.00000000
576.99995372	0.00000000
577.49995368	-0.02798967
577.99995365	-0.01867003
578.49995361	-0.00931964
578.99995358	-0.00931964
579.49995354	-0.00931964
579.99995351	-0.00931964
580.49995347	-0.01867003
580.99995344	-0.00931964
581.49995341	0.00000000
581.99995337	-0.00931964
582.49995334	0.00000000
582.99995330	0.00000000
583.49995327	0.00000000
583.99995323	0.00000000
584.49995320	0.00000000
584.99995316	0.00931964
585.49995313	0.00931964
585.99995309	0.01867003
586.49995306	0.01867003
586.99995303	0.01867003
587.49995299	0.01867003
587.99995296	0.02798967
588.49995292	0.02798967
588.99995289	0.00931964
589.49995285	0.01867003
589.99995282	0.02798967
590.49995278	0.02798967
590.99995275	0.01867003
591.49995272	0.00000000
591.99995268	0.00931964
592.49995265	0.00931964
592.99995261	-0.00931964
593.49995258	0.00000000
593.99995254	0.00931964
594.49995251	0.00000000
594.99995247	0.00000000
595.49995244	0.00000000
595.99995241	0.00000000
596.49995237	0.00000000
596.99995234	-0.00931964
597.49995230	-0.01867003
597.99995227	-0.00931964
598.49995223	-0.00931964
598.99995220	-0.00931964
599.49995216	-0.01867003
599.99995213	-0.01867003
600.49995210	-0.01867003
600.99995206	-0.01867003
601.49995203	0.84990160
601.99995199	0.84058200
602.49995196	0.00000000
602.99995192	-0.00931964
603.49995189	0.00000000
603.99995185	0.00931964
604.49995182	0.00931964
604.99995179	0.00931964
605.49995175	0.00931964
605.99995172	0.01867003
606.49995168	0.00931964
606.99995165	0.00931964
607.49995161	0.01867003
607.99995158	0.02798967
608.49995154	0.00931964
608.99995151	0.00931964
609.49995148	0.01867003
609.99995144	0.01867003
610.49995141	0.01867003
610.99995137	0.01867003
611.49995134	0.00000000
611.99995130	0.00931964
612.49995127	0.01867003
612.99995123	0.00931964
613.49995120	0.00000000
613.99995117	0.00000000
614.49995113	0.00000000
614.99995110	-0.00931964
615.49995106	-0.00931964
615.99995103	0.00000000
616.49995099	-0.00931964
616.99995096	-0.01867003
617.49995092	-0.01867003
617.99995089	-0.00931964
618.49995086	-0.01867003
618.99995082	-0.00931964
619.49995079	-0.00931964
619.99995075	-0.01867003
620.49995072	-0.00931964
620.99995068	-0.01867003
621.49995065	-0.00931964
621.99995061	0.00000000
622.49995058	0.00000000
622.99995054	0.00000000
623.49995051	0.00000000
623.99995048	-0.00931964
624.49995044	0.00931964
624.99995041	0.00931964
625.49995037	0.00931964
625.99995034	0.01867003
626.49995030	0.01867003
626.99995027	0.00931964
627.49995023	0.00931964
627.99995020	0.01867003
628.49995017	0.01867003
628.99995013	0.00931964
629.49995010	0.01867003
629.99995006	0.01867003
630.49995003	0.01867003
630.99994999	0.01867003
631.49994996	0.00000000
631.99994992	0.00931964
632.49994989	0.00931964
632.99994986	0.00000000
633.49994982	0.00931964
633.99994979	0.00000000
634.49994975	0.00000000
634.99994972	0.00000000
635.49994968	-0.00931964
635.99994965	-0.00931964
636.49994961	-0.00931964
636.99994958	-0.00931964
637.49994955	-0.00931964
637.99994951	-0.00931964
638.49994948	-0.01867003
638.99994944	-0.01867003
639.49994941	-0.01867003
639.99994937	-0.01867003
640.49994934	-0.01867003
640.99994930	-0.01867003
641.49994927	0.00000000
641.99994924	0.00931964
642.49994920	0.00000000
642.99994917	0.00931964
643.49994913	0.00931964
643.99994910	0.00000000
644.49994906	0.00931964
644.99994903	0.00931964
645.49994899	0.00931964
645.99994896	0.00931964
646.49994893	0.01867003
646.99994889	0.00931964
647.49994886	0.01867003
647.99994882	0.01867003
648.49994879	0.02798967
648.99994875	0.01867003
649.49994872	0.01867003
649.99994868	0.01867003
650.49994865	0.01867003
650.99994862	0.01867003
651.49994858	0.00931964
651.99994855	0.00931964
652.49994851	0.01867003
652.99994848	-0.00931964
653.49994844	0.00000000
653.99994841	0.00931964
654.49994837	0.00000000
654.99994834	-0.00931964
655.49994831	0.00000000
655.99994827	-0.00931964
656.49994824	-0.01867003
656.99994820	-0.00931964
657.49994817	0.00000000
657.99994813	-0.00931964
658.49994810	-0.01867003
658.99994806	0.00000000
659.49994803	-0.00931964
659.99994799	-0.00931964
660.49994796	-0.01867003
660.99994793	-0.01867003
661.49994789	0.00000000
661.99994786	0.00000000
662.49994782	0.00000000
662.99994779	0.00000000
663.49994775	-0.00931964
663.99994772	0.00000000
664.49994768	0.00000000
664.99994765	0.00931964
665.49994762	0.00000000
665.99994758	0.00931964
666.49994755	0.00931964
666.99994751	0.01867003
667.49994748	0.00931964
667.99994744	0.01867003
668.49994741	0.01867003
668.99994737	0.00931964
669.49994734	0.01867003
669.99994731	0.01867003
670.49994727	0.00931964
670.99994724	0.00931964
671.49994720	0.00000000
671.99994717	0.00000000
672.49994713	0.00931964
672.99994710	0.00931964
673.49994706	0.00931964
673.99994703	0.00000000
674.49994700	0.00000000
674.99994696	0.00000000
675.49994693	-0.00931964
675.99994689	-0.00931964
676.49994686	-0.00931964
676.99994682	-0.00931964
677.49994679	-0.00931964
677.99994675	-0.00931964
678.49994672	-0.00931964
678.99994669	-0.02798967
679.49994665	-0.00931964
679.99994662	-0.00931964
680.49994658	-0.01867003
680.99994655	-0.01867003
681.49994651	0.00000000
681.99994648	-0.00931964
682.49994644	0.00000000
682.99994641	0.00931964
683.49994638	0.00931964
683.99994634	0.00000000
684.49994631	0.00000000
684.99994627	0.00000000
685.49994624	0.00931964
