-383.71425925	0.00931964
-383.21425929	0.00931964
-382.71425932	0.00931964
-382.21425936	0.00931964
-381.71425939	0.00931964
-381.21425943	0.00931964
-380.71425946	0.00931964
-380.21425949	0.00000000
-379.71425953	0.00931964
-379.21425956	0.00000000
-378.71425960	0.00000000
-378.21425963	-0.00931964
-377.71425967	0.00000000
-377.21425970	-0.00931964
-376.71425974	-0.00931964
-376.21425977	0.00000000
-375.71425980	0.00000000
-375.21425984	-0.00931964
-374.71425987	-0.00931964
-374.21425991	-0.00931964
-373.71425994	0.00000000
-373.21425998	-0.00931964
-372.71426001	0.00000000
-372.21426005	-0.00931964
-371.71426008	0.00000000
-371.21426011	0.00000000
-370.71426015	0.00000000
-370.21426018	0.00000000
-369.71426022	0.00000000
-369.21426025	0.00000000
-368.71426029	0.22413260
-368.21426032	0.23348300
-367.71426036	0.23348300
-367.21426039	0.23348300
-366.71426042	0.23348300
-366.21426046	0.22413260
-365.71426049	0.23348300
-365.21426053	0.23348300
-364.71426056	0.23348300
-364.21426060	0.22413260
-363.71426063	0.23348300
-363.21426067	0.22413260
-362.71426070	0.23348300
-362.21426073	0.22413260
-361.71426077	0.22413260
-361.21426080	0.22413260
-360.71426084	0.22413260
-360.21426087	0.23348300
-359.71426091	0.22413260
-359.21426094	0.22413260
-358.71426098	0.22413260
-358.21426101	0.22413260
-357.71426104	0.22413260
-357.21426108	0.22413260
-356.71426111	0.22413260
-356.21426115	0.22413260
-355.71426118	0.23348300
-355.21426122	0.23348300
-354.71426125	0.22413260
-354.21426129	0.22413260
-353.71426132	0.22413260
-353.21426135	0.22413260
-352.71426139	0.22413260
-352.21426142	0.22413260
-351.71426146	0.23348300
-351.21426149	0.22413260
-350.71426153	0.22413260
-350.21426156	0.22413260
-349.71426160	0.22413260
-349.21426163	0.23348300
-348.71426167	0.22413260
-348.21426170	0.23348300
-347.71426173	0.23348300
-347.21426177	0.22413260
-346.71426180	0.22413260
-346.21426184	0.24283340
-345.71426187	0.23348300
-345.21426191	0.21481300
-344.71426194	0.22413260
-344.21426198	0.22413260
-343.71426201	0.23348300
-343.21426204	0.23348300
-342.71426208	0.23348300
-342.21426211	0.22413260
-341.71426215	0.22413260
-341.21426218	0.22413260
-340.71426222	0.22413260
-340.21426225	0.23348300
-339.71426229	0.23348300
-339.21426232	0.22413260
-338.71426235	0.22413260
-338.21426239	0.22413260
-337.71426242	0.23348300
-337.21426246	0.22413260
-336.71426249	0.23348300
-336.21426253	0.23348300
-335.71426256	0.23348300
-335.21426260	0.23348300
-334.71426263	0.22413260
-334.21426266	0.23348300
-333.71426270	0.23348300
-333.21426273	0.23348300
-332.71426277	0.21481300
-332.21426280	0.22413260
-331.71426284	0.22413260
-331.21426287	0.23348300
-330.71426291	0.23348300
-330.21426294	0.22413260
-329.71426297	0.22413260
-329.21426301	0.23348300
-328.71426304	0.23348300
-328.21426308	0.22413260
-327.71426311	0.23348300
-327.21426315	0.23348300
-326.71426318	0.22413260
-326.21426322	0.23348300
-325.71426325	0.22413260
-325.21426328	0.23348300
-324.71426332	0.22413260
-324.21426335	0.22413260
-323.71426339	0.22413260
-323.21426342	0.22413260
-322.71426346	0.23348300
-322.21426349	0.22413260
-321.71426353	0.22413260
-321.21426356	0.22413260
-320.71426359	0.22413260
-320.21426363	0.23348300
-319.71426366	0.23348300
-319.21426370	0.22413260
-318.71426373	0.22413260
-318.21426377	0.23348300
-317.71426380	0.23348300
-317.21426384	0.22413260
-316.71426387	0.23348300
-316.21426390	0.22413260
-315.71426394	0.23348300
-315.21426397	0.23348300
-314.71426401	0.24283340
-314.21426404	0.22413260
-313.71426408	0.23348300
-313.21426411	0.23348300
-312.71426415	0.22413260
-312.21426418	0.23348300
-311.71426421	0.23348300
-311.21426425	0.22413260
-310.71426428	0.22413260
-310.21426432	0.23348300
-309.71426435	0.23348300
-309.21426439	0.22413260
-308.71426442	0.23348300
-308.21426446	0.23348300
-307.71426449	0.23348300
-307.21426453	0.23348300
-306.71426456	0.24283340
-306.21426459	0.23348300
-305.71426463	0.22413260
-305.21426466	0.22413260
-304.71426470	0.23348300
-304.21426473	0.23348300
-303.71426477	0.23348300
-303.21426480	0.22413260
-302.71426484	0.22413260
-302.21426487	0.23348300
-301.71426490	0.22413260
-301.21426494	0.22413260
-300.71426497	0.22413260
-300.21426501	0.23348300
-299.71426504	0.23348300
-299.21426508	0.22413260
-298.71426511	0.22413260
-298.21426515	0.22413260
-297.71426518	0.22413260
-297.21426521	0.22413260
-296.71426525	0.23348300
-296.21426528	0.19611220
-295.71426532	0.23348300
-295.21426535	0.23348300
-294.71426539	0.23348300
-294.21426542	0.23348300
-293.71426546	0.22413260
-293.21426549	0.22413260
-292.71426552	0.23348300
-292.21426556	0.23348300
-291.71426559	0.23348300
-291.21426563	0.23348300
-290.71426566	0.22413260
-290.21426570	0.22413260
-289.71426573	0.22413260
-289.21426577	0.23348300
-288.71426580	0.22413260
-288.21426583	0.23348300
-287.71426587	0.23348300
-287.21426590	0.23348300
-286.71426594	0.23348300
-286.21426597	0.23348300
-285.71426601	0.23348300
-285.21426604	0.22413260
-284.71426608	0.23348300
-284.21426611	0.22413260
-283.71426614	0.22413260
-283.21426618	0.24283340
-282.71426621	0.23348300
-282.21426625	0.22413260
-281.71426628	0.22413260
-281.21426632	0.23348300
-280.71426635	0.22413260
-280.21426639	0.18679260
-279.71426642	0.23348300
-279.21426645	0.23348300
-278.71426649	0.24283340
-278.21426652	0.22413260
-277.71426656	0.23348300
-277.21426659	0.22413260
-276.71426663	0.23348300
-276.21426666	0.23348300
-275.71426670	0.22413260
-275.21426673	0.23348300
-274.71426676	0.23348300
-274.21426680	0.22413260
-273.71426683	0.23348300
-273.21426687	0.23348300
-272.71426690	0.23348300
-272.21426694	0.22413260
-271.71426697	0.23348300
-271.21426701	0.23348300
-270.71426704	0.23348300
-270.21426708	0.23348300
-269.71426711	0.23348300
-269.21426714	0.22413260
-268.71426718	0.22413260
-268.21426721	0.23348300
-267.71426725	0.23348300
-267.21426728	0.23348300
-266.71426732	0.23348300
-266.21426735	0.23348300
-265.71426739	0.26150350
-265.21426742	0.23348300
-264.71426745	0.22413260
-264.21426749	0.22413260
-263.71426752	0.23348300
-263.21426756	0.23348300
-262.71426759	0.23348300
-262.21426763	0.23348300
-261.71426766	0.23348300
-261.21426770	0.23348300
-260.71426773	0.23348300
-260.21426776	0.23348300
-259.71426780	0.21481300
-259.21426783	0.23348300
-258.71426787	0.23348300
-258.21426790	0.23348300
-257.71426794	0.23348300
-257.21426797	0.23348300
-256.71426801	0.24283340
-256.21426804	0.23348300
-255.71426807	0.23348300
-255.21426811	0.23348300
-254.71426814	0.23348300
-254.21426818	0.24283340
-253.71426821	0.23348300
-253.21426825	0.23348300
-252.71426828	0.23348300
-252.21426832	0.23348300
-251.71426835	0.23348300
-251.21426838	0.23348300
-250.71426842	0.23348300
-250.21426845	0.23348300
-249.71426849	0.23348300
-249.21426852	0.23348300
-248.71426856	0.23348300
-248.21426859	0.23348300
-247.71426863	0.23348300
-247.21426866	0.23348300
-246.71426869	0.23348300
-246.21426873	0.22413260
-245.71426876	0.23348300
-245.21426880	0.23348300
-244.71426883	0.23348300
-244.21426887	0.24283340
-243.71426890	0.23348300
-243.21426894	0.22413260
-242.71426897	0.24283340
-242.21426900	0.23348300
-241.71426904	0.23348300
-241.21426907	0.25215300
-240.71426911	0.23348300
-240.21426914	0.23348300
-239.71426918	0.24283340
-239.21426921	0.23348300
-238.71426925	0.23348300
-238.21426928	0.23348300
-237.71426931	0.23348300
-237.21426935	0.24283340
-236.71426938	0.23348300
-236.21426942	0.24283340
-235.71426945	0.23348300
-235.21426949	0.23348300
-234.71426952	0.22413260
-234.21426956	0.23348300
-233.71426959	0.23348300
-233.21426963	0.24283340
-232.71426966	0.23348300
-232.21426969	0.23348300
-231.71426973	0.24283340
-231.21426976	0.24283340
-230.71426980	0.23348300
-230.21426983	0.22413260
-229.71426987	0.22413260
-229.21426990	0.23348300
-228.71426994	0.24283340
-228.21426997	0.23348300
-227.71427000	0.25215300
-227.21427004	0.23348300
-226.71427007	0.23348300
-226.21427011	0.24283340
-225.71427014	0.23348300
-225.21427018	0.23348300
-224.71427021	0.23348300
-224.21427025	0.23348300
-223.71427028	0.23348300
-223.21427031	0.24283340
-222.71427035	0.23348300
-222.21427038	0.23348300
-221.71427042	0.24283340
-221.21427045	0.24283340
-220.71427049	0.23348300
-220.21427052	0.23348300
-219.71427056	0.22413260
-219.21427059	0.24283340
-218.71427062	0.23348300
-218.21427066	0.23348300
-217.71427069	0.23348300
-217.21427073	0.23348300
-216.71427076	0.24283340
-216.21427080	0.24283340
-215.71427083	0.23348300
-215.21427087	0.24283340
-214.71427090	0.23348300
-214.21427093	0.24283340
-213.71427097	0.23348300
-213.21427100	0.23348300
-212.71427104	0.25215300
-212.21427107	0.23348300
-211.71427111	0.23348300
-211.21427114	0.23348300
-210.71427118	0.24283340
-210.21427121	0.24283340
-209.71427124	0.23348300
-209.21427128	0.23348300
-208.71427131	0.24283340
-208.21427135	0.24283340
-207.71427138	0.24283340
-207.21427142	0.24283340
-206.71427145	0.23348300
-206.21427149	0.23348300
-205.71427152	0.24283340
-205.21427155	0.23348300
-204.71427159	0.25215300
-204.21427162	0.23348300
-203.71427166	0.23348300
-203.21427169	0.23348300
-202.71427173	0.24283340
-202.21427176	0.23348300
-201.71427180	0.23348300
-201.21427183	0.23348300
-200.71427186	0.24283340
-200.21427190	0.24283340
-199.71427193	0.23348300
-199.21427197	0.23348300
-198.71427200	0.24283340
-198.21427204	0.23348300
-197.71427207	0.24283340
-197.21427211	0.23348300
-196.71427214	0.24283340
-196.21427217	0.23348300
-195.71427221	0.23348300
-195.21427224	0.24283340
-194.71427228	0.23348300
-194.21427231	0.23348300
-193.71427235	0.23348300
-193.21427238	0.24283340
-192.71427242	0.24283340
-192.21427245	0.28017350
-191.71427249	0.24283340
-191.21427252	0.24283340
-190.71427255	0.24283340
-190.21427259	0.24283340
-189.71427262	0.24283340
-189.21427266	0.23348300
-188.71427269	0.24283340
-188.21427273	0.24283340
-187.71427276	0.24283340
-187.21427280	0.24283340
-186.71427283	0.24283340
-186.21427286	0.23348300
-185.71427290	0.23348300
-185.21427293	0.24283340
-184.71427297	0.23348300
-184.21427300	0.24283340
-183.71427304	0.24283340
-183.21427307	0.24283340
-182.71427311	0.23348300
-182.21427314	0.24283340
-181.71427317	0.24283340
-181.21427321	0.24283340
-180.71427324	0.24283340
-180.21427328	0.24283340
-179.71427331	0.24283340
-179.21427335	0.25215300
-178.71427338	0.24283340
-178.21427342	0.24283340
-177.71427345	0.24283340
-177.21427348	0.23348300
-176.71427352	0.24283340
-176.21427355	0.24283340
-175.71427359	0.24283340
-175.21427362	0.26150350
-174.71427366	0.24283340
-174.21427369	0.24283340
-173.71427373	0.24283340
-173.21427376	0.28952390
-172.71427379	0.23348300
-172.21427383	0.23348300
-171.71427386	0.24283340
-171.21427390	0.24283340
-170.71427393	0.24283340
-170.21427397	0.23348300
-169.71427400	0.24283340
-169.21427404	0.24283340
-168.71427407	0.28952390
-168.21427410	0.24283340
-167.71427414	0.24283340
-167.21427417	0.24283340
-166.71427421	0.24283340
-166.21427424	0.24283340
-165.71427428	0.24283340
-165.21427431	0.24283340
-164.71427435	0.24283340
-164.21427438	0.24283340
-163.71427441	0.25215300
-163.21427445	0.25215300
-162.71427448	0.24283340
-162.21427452	0.24283340
-161.71427455	0.24283340
-161.21427459	0.24283340
-160.71427462	0.24283340
-160.21427466	0.24283340
-159.71427469	0.23348300
-159.21427472	0.25215300
-158.71427476	0.24283340
-158.21427479	0.25215300
-157.71427483	0.24283340
-157.21427486	0.24283340
-156.71427490	0.24283340
-156.21427493	0.24283340
-155.71427497	0.25215300
-155.21427500	0.24283340
-154.71427504	0.25215300
-154.21427507	0.24283340
-153.71427510	0.25215300
-153.21427514	0.24283340
-152.71427517	0.24283340
-152.21427521	0.24283340
-151.71427524	0.24283340
-151.21427528	0.25215300
-150.71427531	0.24283340
-150.21427535	0.24283340
-149.71427538	0.26150350
-149.21427541	0.24283340
-148.71427545	0.23348300
-148.21427548	0.22413260
-147.71427552	0.24283340
-147.21427555	0.24283340
-146.71427559	0.24283340
-146.21427562	0.25215300
-145.71427566	0.24283340
-145.21427569	0.24283340
-144.71427572	0.24283340
-144.21427576	0.24283340
-143.71427579	0.25215300
-143.21427583	0.25215300
-142.71427586	0.25215300
-142.21427590	0.25215300
-141.71427593	0.24283340
-141.21427597	0.25215300
-140.71427600	0.25215300
-140.21427603	0.24283340
-139.71427607	0.24283340
-139.21427610	0.25215300
-138.71427614	0.25215300
-138.21427617	0.24283340
-137.71427621	0.25215300
-137.21427624	0.25215300
-136.71427628	0.25215300
-136.21427631	0.24283340
-135.71427634	0.24283340
-135.21427638	0.25215300
-134.71427641	0.25215300
-134.21427645	0.26150350
-133.71427648	0.25215300
-133.21427652	0.25215300
-132.71427655	0.23348300
-132.21427659	0.25215300
-131.71427662	0.25215300
-131.21427665	0.24283340
-130.71427669	0.25215300
-130.21427672	0.25215300
-129.71427676	0.25215300
-129.21427679	0.25215300
-128.71427683	0.25215300
-128.21427686	0.25215300
-127.71427690	0.25215300
-127.21427693	0.25215300
-126.71427696	0.25215300
-126.21427700	0.25215300
-125.71427703	0.24283340
-125.21427707	0.25215300
-124.71427710	0.25215300
-124.21427714	0.25215300
-123.71427717	0.25215300
-123.21427721	0.25215300
-122.71427724	0.25215300
-122.21427727	0.25215300
-121.71427731	0.25215300
-121.21427734	0.25215300
-120.71427738	0.26150350
-120.21427741	0.23348300
-119.71427745	0.25215300
-119.21427748	0.25215300
-118.71427752	0.25215300
-118.21427755	0.25215300
-117.71427759	0.25215300
-117.21427762	0.25215300
-116.71427765	0.25215300
-116.21427769	0.25215300
-115.71427772	0.26150350
-115.21427776	0.25215300
-114.71427779	0.25215300
-114.21427783	0.26150350
-113.71427786	0.25215300
-113.21427790	0.25215300
-112.71427793	0.25215300
-112.21427796	0.26150350
-111.71427800	0.25215300
-111.21427803	0.25215300
-110.71427807	0.23348300
-110.21427810	0.25215300
-109.71427814	0.25215300
-109.21427817	0.21481300
-108.71427821	0.25215300
-108.21427824	0.26150350
-107.71427827	0.26150350
-107.21427831	0.26150350
-106.71427834	0.26150350
-106.21427838	0.26150350
-105.71427841	0.26150350
-105.21427845	0.26150350
-104.71427848	0.27085380
-104.21427852	0.26150350
-103.71427855	0.26150350
-103.21427858	0.26150350
-102.71427862	0.26150350
-102.21427865	0.25215300
-101.71427869	0.26150350
-101.21427872	0.25215300
-100.71427876	0.26150350
-100.21427879	0.26150350
-99.71427883	0.26150350
-99.21427886	0.28017350
-98.71427889	0.25215300
-98.21427893	0.26150350
-97.71427896	0.26150350
-97.21427900	0.26150350
-96.71427903	0.26150350
-96.21427907	0.26150350
-95.71427910	0.26150350
-95.21427914	0.25215300
-94.71427917	0.27085380
-94.21427920	0.26150350
-93.71427924	0.26150350
-93.21427927	0.26150350
-92.71427931	0.26150350
-92.21427934	0.26150350
-91.71427938	0.25215300
-91.21427941	0.26150350
-90.71427945	0.25215300
-90.21427948	0.26150350
-89.71427951	0.27085380
-89.21427955	0.20546260
-88.71427958	0.26150350
-88.21427962	0.26150350
-87.71427965	0.26150350
-87.21427969	0.27085380
-86.71427972	0.25215300
-86.21427976	0.26150350
-85.71427979	0.27085380
-85.21427982	0.26150350
-84.71427986	0.25215300
-84.21427989	0.26150350
-83.71427993	0.26150350
-83.21427996	0.26150350
-82.71428000	0.27085380
-82.21428003	0.26150350
-81.71428007	0.26150350
-81.21428010	0.26150350
-80.71428013	0.24283340
-80.21428017	0.26150350
-79.71428020	0.27085380
-79.21428024	0.25215300
-78.71428027	0.26150350
-78.21428031	0.26150350
-77.71428034	0.21481300
-77.21428038	0.26150350
-76.71428041	0.27085380
-76.21428045	0.27085380
-75.71428048	0.27085380
-75.21428051	0.26150350
-74.71428055	0.27085380
-74.21428058	0.27085380
-73.71428062	0.26150350
-73.21428065	0.27085380
-72.71428069	0.26150350
-72.21428072	0.27085380
-71.71428076	0.27085380
-71.21428079	0.27085380
-70.71428082	0.27085380
-70.21428086	0.26150350
-69.71428089	0.27085380
-69.21428093	0.27085380
-68.71428096	0.27085380
-68.21428100	0.27085380
-67.71428103	0.27085380
-67.21428107	0.27085380
-66.71428110	0.27085380
-66.21428113	0.27085380
-65.71428117	0.27085380
-65.21428120	0.27085380
-64.71428124	0.26150350
-64.21428127	0.27085380
-63.71428131	0.26150350
-63.21428134	0.27085380
-62.71428138	0.27085380
-62.21428141	0.27085380
-61.71428144	0.27085380
-61.21428148	0.27085380
-60.71428151	0.27085380
-60.21428155	0.27085380
-59.71428158	0.27085380
-59.21428162	0.27085380
-58.71428165	0.27085380
-58.21428169	0.28017350
-57.71428172	0.27085380
-57.21428175	0.26150350
-56.71428179	0.28017350
-56.21428182	0.27085380
-55.71428186	0.28017350
-55.21428189	0.27085380
-54.71428193	0.28017350
-54.21428196	0.27085380
-53.71428200	0.27085380
-53.21428203	0.27085380
-52.71428206	0.27085380
-52.21428210	0.28017350
-51.71428213	0.27085380
-51.21428217	0.28017350
-50.71428220	0.27085380
-50.21428224	0.27085380
-49.71428227	0.25215300
-49.21428231	0.27085380
-48.71428234	0.27085380
-48.21428237	0.28017350
-47.71428241	0.28017350
-47.21428244	0.27085380
-46.71428248	0.28017350
-46.21428251	0.28017350
-45.71428255	0.27085380
-45.21428258	0.28017350
-44.71428262	0.28017350
-44.21428265	0.27085380
-43.71428268	0.28017350
-43.21428272	0.27085380
-42.71428275	0.28017350
-42.21428279	0.25215300
-41.71428282	0.27085380
-41.21428286	0.28017350
-40.71428289	0.28017350
-40.21428293	0.28017350
-39.71428296	0.27085380
-39.21428300	0.28017350
-38.71428303	0.27085380
-38.21428306	0.28017350
-37.71428310	0.28017350
-37.21428313	0.28952390
-36.71428317	0.28017350
-36.21428320	0.27085380
-35.71428324	0.28017350
-35.21428327	0.28017350
-34.71428331	0.28017350
-34.21428334	0.28017350
-33.71428337	0.28017350
-33.21428341	0.27085380
-32.71428344	0.28017350
-32.21428348	0.28017350
-31.71428351	0.28952390
-31.21428355	0.28952390
-30.71428358	0.28017350
-30.21428362	0.28017350
-29.71428365	0.28017350
-29.21428368	0.28952390
-28.71428372	0.28017350
-28.21428375	0.28017350
-27.71428379	0.28017350
-27.21428382	0.28017350
-26.71428386	0.28952390
-26.21428389	0.28952390
-25.71428393	0.23348300
-25.21428396	0.28017350
-24.71428399	0.28952390
-24.21428403	0.28017350
-23.71428406	0.28952390
-23.21428410	0.28017350
-22.71428413	0.28952390
-22.21428417	0.28017350
-21.71428420	0.28952390
-21.21428424	0.28952390
-20.71428427	0.28017350
-20.21428430	0.28017350
-19.71428434	0.28017350
-19.21428437	0.28952390
-18.71428441	0.28952390
-18.21428444	0.28952390
-17.71428448	0.28952390
-17.21428451	0.28952390
-16.71428455	0.28952390
-16.21428458	0.28017350
-15.71428461	0.28952390
-15.21428465	0.28952390
-14.71428468	0.28952390
-14.21428472	0.26150350
-13.71428475	0.28952390
-13.21428479	0.29887430
-12.71428482	0.28952390
-12.21428486	0.28952390
-11.71428489	0.28952390
-11.21428492	0.28952390
-10.71428496	0.28952390
-10.21428499	0.28952390
-9.71428503	0.28017350
-9.21428506	0.28952390
-8.71428510	0.29887430
-8.21428513	0.29887430
-7.71428517	0.29887430
-7.21428520	0.28952390
-6.71428523	0.28952390
-6.21428527	0.28952390
-5.71428530	0.28952390
-5.21428534	0.28952390
-4.71428537	0.28952390
-4.21428541	0.29887430
-3.71428544	0.29887430
-3.21428548	0.28952390
-2.71428551	0.28017350
-2.21428555	0.28952390
-1.71428558	0.29887430
-1.21428561	0.28952390
-0.71428565	0.29887430
-0.21428568	0.29887430
0.28571428	0.36423470
0.78571425	0.28952390
1.28571421	0.29887430
1.78571418	0.28017350
2.28571414	0.28952390
2.78571411	0.29887430
3.28571408	0.28952390
3.78571404	0.30819390
4.28571401	0.29887430
4.78571397	0.29887430
5.28571394	0.30819390
5.78571390	0.28952390
6.28571387	0.29887430
6.78571383	0.28952390
7.28571380	0.29887430
7.78571377	0.29887430
8.28571373	0.29887430
8.78571370	0.29887430
9.28571366	0.30819390
9.78571363	0.29887430
10.28571359	0.29887430
10.78571356	0.29887430
11.28571352	0.29887430
11.78571349	0.29887430
12.28571346	0.29887430
12.78571342	0.29887430
13.28571339	0.29887430
13.78571335	0.28952390
14.28571332	0.29887430
14.78571328	0.31754430
15.28571325	0.29887430
15.78571321	0.29887430
16.28571318	0.30819390
16.78571315	0.29887430
17.28571311	0.29887430
17.78571308	0.30819390
18.28571304	0.30819390
18.78571301	0.29887430
19.28571297	0.29887430
19.78571294	0.30819390
20.28571290	0.29887430
20.78571287	0.29887430
21.28571284	0.29887430
21.78571280	0.30819390
22.28571277	0.30819390
22.78571273	0.29887430
23.28571270	0.30819390
23.78571266	0.29887430
24.28571263	0.30819390
24.78571259	0.30819390
25.28571256	0.30819390
25.78571253	0.30819390
26.28571249	0.30819390
26.78571246	0.30819390
27.28571242	0.30819390
27.78571239	0.30819390
28.28571235	0.30819390
28.78571232	0.30819390
29.28571228	0.30819390
29.78571225	0.30819390
30.28571222	0.30819390
30.78571218	0.30819390
31.28571215	0.29887430
31.78571211	0.29887430
32.28571208	0.30819390
32.78571204	0.31754430
33.28571201	0.31754430
33.78571197	0.30819390
34.28571194	0.30819390
34.78571190	0.30819390
35.28571187	0.31754430
35.78571184	0.30819390
36.28571180	0.30819390
36.78571177	0.30819390
37.28571173	0.30819390
37.78571170	0.30819390
38.28571166	0.31754430
38.78571163	0.33621430
39.28571159	0.30819390
39.78571156	0.30819390
40.28571153	0.31754430
40.78571149	0.30819390
41.28571146	0.30819390
41.78571142	0.31754430
42.28571139	0.38290480
42.78571135	0.30819390
43.28571132	0.31754430
43.78571128	0.31754430
44.28571125	0.30819390
44.78571122	0.31754430
45.28571118	0.31754430
45.78571115	0.31754430
46.28571111	0.30819390
46.78571108	0.31754430
47.28571104	0.31754430
47.78571101	0.31754430
48.28571097	0.31754430
48.78571094	0.31754430
49.28571091	0.31754430
49.78571087	0.31754430
50.28571084	0.32686390
50.78571080	0.32686390
51.28571077	0.31754430
51.78571073	0.31754430
52.28571070	0.31754430
52.78571066	0.31754430
53.28571063	0.31754430
53.78571060	0.31754430
54.28571056	0.32686390
54.78571053	0.31754430
55.28571049	0.31754430
55.78571046	0.31754430
56.28571042	0.32686390
56.78571039	0.31754430
57.28571035	0.31754430
57.78571032	0.31754430
58.28571029	0.31754430
58.78571025	0.32686390
59.28571022	0.32686390
59.78571018	0.32686390
60.28571015	0.32686390
60.78571011	0.32686390
61.28571008	0.32686390
61.78571004	0.32686390
62.28571001	0.31754430
62.78570998	0.32686390
63.28570994	0.31754430
63.78570991	0.32686390
64.28570987	0.32686390
64.78570984	0.32686390
65.28570980	0.31754430
65.78570977	0.32686390
66.28570973	0.32686390
66.78570970	0.32686390
67.28570967	0.32686390
67.78570963	0.32686390
68.28570960	0.32686390
68.78570956	0.33621430
69.28570953	0.33621430
69.78570949	0.33621430
70.28570946	0.32686390
70.78570942	0.32686390
71.28570939	0.31754430
71.78570936	0.33621430
72.28570932	0.32686390
72.78570929	0.32686390
73.28570925	0.33621430
73.78570922	0.32686390
74.28570918	0.32686390
74.78570915	0.33621430
75.28570911	0.32686390
75.78570908	0.33621430
76.28570904	0.33621430
76.78570901	0.32686390
77.28570898	0.34556470
77.78570894	0.33621430
78.28570891	0.33621430
78.78570887	0.33621430
79.28570884	0.32686390
79.78570880	0.33621430
80.28570877	0.34556470
80.78570873	0.33621430
81.28570870	0.33621430
81.78570867	0.33621430
82.28570863	0.33621430
82.78570860	0.33621430
83.28570856	0.33621430
83.78570853	0.34556470
84.28570849	0.32686390
84.78570846	0.33621430
85.28570842	0.33621430
85.78570839	0.32686390
86.28570836	0.33621430
86.78570832	0.33621430
87.28570829	0.33621430
87.78570825	0.33621430
88.28570822	0.33621430
88.78570818	0.34556470
89.28570815	0.33621430
89.78570811	0.34556470
90.28570808	0.34556470
90.78570805	0.34556470
91.28570801	0.34556470
91.78570798	0.34556470
92.28570794	0.33621430
92.78570791	0.34556470
93.28570787	0.34556470
93.78570784	0.33621430
94.28570780	0.33621430
94.78570777	0.34556470
95.28570774	0.34556470
95.78570770	0.33621430
96.28570767	0.34556470
96.78570763	0.33621430
97.28570760	0.34556470
97.78570756	0.34556470
98.28570753	0.34556470
98.78570749	0.32686390
99.28570746	0.34556470
99.78570743	0.33621430
100.28570739	0.34556470
100.78570736	0.34556470
101.28570732	0.36423470
101.78570729	0.34556470
102.28570725	0.34556470
102.78570722	0.34556470
103.28570718	0.34556470
103.78570715	0.34556470
104.28570712	0.35488440
104.78570708	0.34556470
105.28570705	0.30819390
105.78570701	0.34556470
106.28570698	0.34556470
106.78570694	0.35488440
107.28570691	0.34556470
107.78570687	0.35488440
108.28570684	0.35488440
108.78570681	0.34556470
109.28570677	0.34556470
109.78570674	0.36423470
110.28570670	0.35488440
110.78570667	0.35488440
111.28570663	0.34556470
111.78570660	0.35488440
112.28570656	0.35488440
112.78570653	0.35488440
113.28570649	0.34556470
113.78570646	0.35488440
114.28570643	0.34556470
114.78570639	0.35488440
115.28570636	0.33621430
115.78570632	0.35488440
116.28570629	0.35488440
116.78570625	0.35488440
117.28570622	0.36423470
117.78570618	0.35488440
118.28570615	0.35488440
118.78570612	0.35488440
119.28570608	0.34556470
119.78570605	0.32686390
120.28570601	0.35488440
120.78570598	0.36423470
121.28570594	0.36423470
121.78570591	0.35488440
122.28570587	0.35488440
122.78570584	0.36423470
123.28570581	0.35488440
123.78570577	0.36423470
124.28570574	0.35488440
124.78570570	0.36423470
125.28570567	0.35488440
125.78570563	0.35488440
126.28570560	0.35488440
126.78570556	0.35488440
127.28570553	0.36423470
127.78570550	0.35488440
128.28570546	0.36423470
128.78570543	0.36423470
129.28570539	0.36423470
129.78570536	0.37358510
130.28570532	0.36423470
130.78570529	0.37358510
131.28570525	0.36423470
131.78570522	0.36423470
132.28570519	0.36423470
132.78570515	0.36423470
133.28570512	0.36423470
133.78570508	0.36423470
134.28570505	0.37358510
134.78570501	0.36423470
135.28570498	0.36423470
135.78570494	0.37358510
136.28570491	0.37358510
136.78570488	0.39225520
137.28570484	0.37358510
137.78570481	0.36423470
138.28570477	0.36423470
138.78570474	0.36423470
139.28570470	0.36423470
139.78570467	0.37358510
140.28570463	0.37358510
140.78570460	0.37358510
141.28570457	0.34556470
141.78570453	0.37358510
142.28570450	0.37358510
142.78570446	0.37358510
143.28570443	0.37358510
143.78570439	0.37358510
144.28570436	0.37358510
144.78570432	0.37358510
145.28570429	0.37358510
145.78570426	0.37358510
146.28570422	0.36423470
146.78570419	0.37358510
147.28570415	0.37358510
147.78570412	0.38290480
148.28570408	0.37358510
148.78570405	0.37358510
149.28570401	0.37358510
149.78570398	0.37358510
150.28570394	0.37358510
150.78570391	0.38290480
151.28570388	0.38290480
151.78570384	0.37358510
152.28570381	0.38290480
152.78570377	0.38290480
153.28570374	0.38290480
153.78570370	0.37358510
154.28570367	0.34556470
154.78570363	0.38290480
155.28570360	0.38290480
155.78570357	0.38290480
156.28570353	0.35488440
156.78570350	0.38290480
157.28570346	0.38290480
157.78570343	0.38290480
158.28570339	0.38290480
158.78570336	0.39225520
159.28570332	0.39225520
159.78570329	0.38290480
160.28570326	0.38290480
160.78570322	0.38290480
161.28570319	0.38290480
161.78570315	0.37358510
162.28570312	0.38290480
162.78570308	0.38290480
163.28570305	0.39225520
163.78570301	0.39225520
164.28570298	0.40160550
164.78570295	0.38290480
165.28570291	0.39225520
165.78570288	0.38290480
166.28570284	0.38290480
166.78570281	0.38290480
167.28570277	0.39225520
167.78570274	0.38290480
168.28570270	0.38290480
168.78570267	0.39225520
169.28570264	0.39225520
169.78570260	0.39225520
170.28570257	0.39225520
170.78570253	0.39225520
171.28570250	0.39225520
171.78570246	0.40160550
172.28570243	0.39225520
172.78570239	0.39225520
173.28570236	0.39225520
173.78570233	0.39225520
174.28570229	0.39225520
174.78570226	0.39225520
175.28570222	0.39225520
175.78570219	0.39225520
176.28570215	0.39225520
176.78570212	0.39225520
177.28570208	0.40160550
177.78570205	0.40160550
178.28570202	0.39225520
178.78570198	0.39225520
179.28570195	0.39225520
179.78570191	0.39225520
180.28570188	0.39225520
180.78570184	0.40160550
181.28570181	0.40160550
181.78570177	0.40160550
182.28570174	0.40160550
182.78570171	0.41092520
183.28570167	0.40160550
183.78570164	0.40160550
184.28570160	0.40160550
184.78570157	0.40160550
185.28570153	0.39225520
185.78570150	0.38290480
186.28570146	0.40160550
186.78570143	0.40160550
187.28570140	0.42027560
187.78570136	0.40160550
188.28570133	0.41092520
188.78570129	0.39225520
189.28570126	0.40160550
189.78570122	0.40160550
190.28570119	0.42027560
190.78570115	0.40160550
191.28570112	0.40160550
191.78570108	0.41092520
192.28570105	0.41092520
192.78570102	0.41092520
193.28570098	0.43894560
193.78570095	0.40160550
194.28570091	0.40160550
194.78570088	0.40160550
195.28570084	0.41092520
195.78570081	0.41092520
196.28570077	0.41092520
196.78570074	0.41092520
197.28570071	0.42027560
197.78570067	0.41092520
198.28570064	0.41092520
198.78570060	0.43894560
199.28570057	0.41092520
199.78570053	0.42027560
200.28570050	0.41092520
200.78570046	0.42027560
201.28570043	0.41092520
201.78570040	0.41092520
202.28570036	0.42027560
202.78570033	0.41092520
203.28570029	0.41092520
203.78570026	0.42027560
204.28570022	0.41092520
204.78570019	0.42027560
205.28570015	0.42027560
205.78570012	0.42027560
206.28570009	0.42027560
206.78570005	0.42027560
207.28570002	0.41092520
207.78569998	0.41092520
208.28569995	0.42027560
208.78569991	0.42027560
209.28569988	0.42027560
209.78569984	0.42027560
210.28569981	0.42027560
210.78569978	0.42962600
211.28569974	0.42027560
211.78569971	0.41092520
212.28569967	0.42027560
212.78569964	0.42027560
213.28569960	0.42027560
213.78569957	0.42027560
214.28569953	0.42027560
214.78569950	0.42027560
215.28569947	0.42027560
215.78569943	0.42027560
216.28569940	0.42027560
216.78569936	0.42962600
217.28569933	0.42027560
217.78569929	0.42962600
218.28569926	0.42027560
218.78569922	0.42027560
219.28569919	0.42962600
219.78569916	0.42027560
220.28569912	0.42962600
220.78569909	0.42962600
221.28569905	0.42962600
221.78569902	0.42962600
222.28569898	0.42962600
222.78569895	0.42962600
223.28569891	0.42962600
223.78569888	0.42962600
224.28569885	0.43894560
224.78569881	0.42027560
225.28569878	0.42962600
225.78569874	0.42962600
226.28569871	0.42962600
226.78569867	0.42962600
227.28569864	0.42962600
227.78569860	0.43894560
228.28569857	0.42962600
228.78569853	0.43894560
229.28569850	0.43894560
229.78569847	0.42962600
230.28569843	0.42962600
230.78569840	0.43894560
231.28569836	0.43894560
231.78569833	0.43894560
232.28569829	0.43894560
232.78569826	0.42962600
233.28569822	0.43894560
233.78569819	0.43894560
234.28569816	0.43894560
234.78569812	0.43894560
235.28569809	0.43894560
235.78569805	0.44829600
236.28569802	0.43894560
236.78569798	0.43894560
237.28569795	0.43894560
237.78569791	0.42962600
238.28569788	0.43894560
238.78569785	0.43894560
239.28569781	0.43894560
239.78569778	0.43894560
240.28569774	0.44829600
240.78569771	0.45764640
241.28569767	0.43894560
241.78569764	0.43894560
242.28569760	0.43894560
242.78569757	0.44829600
243.28569754	0.44829600
243.78569750	0.44829600
244.28569747	0.43894560
244.78569743	0.44829600
245.28569740	0.44829600
245.78569736	0.44829600
246.28569733	0.45764640
246.78569729	0.43894560
247.28569726	0.44829600
247.78569723	0.44829600
248.28569719	0.44829600
248.78569716	0.44829600
249.28569712	0.44829600
249.78569709	0.43894560
250.28569705	0.45764640
250.78569702	0.45764640
251.28569698	0.45764640
251.78569695	0.44829600
252.28569692	0.44829600
252.78569688	0.44829600
253.28569685	0.44829600
253.78569681	0.45764640
254.28569678	0.44829600
254.78569674	0.45764640
255.28569671	0.45764640
255.78569667	0.45764640
256.28569664	0.45764640
256.78569661	0.45764640
257.28569657	0.45764640
257.78569654	0.45764640
258.28569650	0.46696600
258.78569647	0.45764640
259.28569643	0.45764640
259.78569640	0.46696600
260.28569636	0.45764640
260.78569633	0.45764640
261.28569630	0.46696600
261.78569626	0.45764640
262.28569623	0.45764640
262.78569619	0.46696600
263.28569616	0.45764640
263.78569612	0.46696600
264.28569609	0.46696600
264.78569605	0.46696600
265.28569602	0.47631640
265.78569598	0.47631640
266.28569595	0.46696600
266.78569592	0.45764640
267.28569588	0.46696600
267.78569585	0.46696600
268.28569581	0.46696600
268.78569578	0.47631640
269.28569574	0.47631640
269.78569571	0.46696600
270.28569567	0.49498650
270.78569564	0.47631640
271.28569561	0.46696600
271.78569557	0.46696600
272.28569554	0.46696600
272.78569550	0.52300690
273.28569547	0.47631640
273.78569543	0.47631640
274.28569540	0.47631640
274.78569536	0.46696600
275.28569533	0.46696600
275.78569530	0.47631640
276.28569526	0.47631640
276.78569523	0.47631640
277.28569519	0.46696600
277.78569516	0.46696600
278.28569512	0.47631640
278.78569509	0.47631640
279.28569505	0.47631640
279.78569502	0.47631640
280.28569499	0.48566680
280.78569495	0.47631640
281.28569492	0.47631640
281.78569488	0.46696600
282.28569485	0.47631640
282.78569481	0.48566680
283.28569478	0.48566680
283.78569474	0.47631640
284.28569471	0.47631640
284.78569468	0.47631640
285.28569464	0.47631640
285.78569461	0.48566680
286.28569457	0.48566680
286.78569454	0.48566680
287.28569450	0.47631640
287.78569447	0.48566680
288.28569443	0.48566680
288.78569440	0.48566680
289.28569437	0.47631640
289.78569433	0.48566680
290.28569430	0.47631640
290.78569426	0.48566680
291.28569423	0.49498650
291.78569419	0.49498650
292.28569416	0.49498650
292.78569412	0.48566680
293.28569409	0.48566680
293.78569406	0.48566680
294.28569402	0.48566680
294.78569399	0.48566680
295.28569395	0.48566680
295.78569392	0.47631640
296.28569388	0.48566680
296.78569385	0.49498650
297.28569381	0.50433680
297.78569378	0.49498650
298.28569375	0.49498650
298.78569371	0.48566680
299.28569368	0.50433680
299.78569364	0.49498650
300.28569361	0.52300690
300.78569357	0.48566680
301.28569354	0.49498650
301.78569350	0.54170770
302.28569347	0.49498650
302.78569343	0.49498650
303.28569340	0.49498650
303.78569337	0.49498650
304.28569333	0.50433680
304.78569330	0.49498650
305.28569326	0.50433680
305.78569323	0.49498650
306.28569319	0.49498650
306.78569316	0.49498650
307.28569312	0.56972810
307.78569309	0.50433680
308.28569306	0.50433680
308.78569302	0.50433680
309.28569299	0.50433680
309.78569295	0.51368730
310.28569292	0.50433680
310.78569288	0.50433680
311.28569285	0.50433680
311.78569281	0.51368730
312.28569278	0.50433680
312.78569275	0.50433680
313.28569271	0.50433680
313.78569268	0.51368730
314.28569264	0.51368730
314.78569261	0.50433680
315.28569257	0.50433680
315.78569254	0.50433680
316.28569250	0.51368730
316.78569247	0.50433680
317.28569244	0.51368730
317.78569240	0.51368730
318.28569237	0.51368730
318.78569233	0.51368730
319.28569230	0.51368730
319.78569226	0.51368730
320.28569223	0.51368730
320.78569219	0.51368730
321.28569216	0.49498650
321.78569213	0.51368730
322.28569209	0.51368730
322.78569206	0.51368730
323.28569202	0.52300690
323.78569199	0.52300690
324.28569195	0.51368730
324.78569192	0.51368730
325.28569188	0.51368730
325.78569185	0.51368730
326.28569182	0.52300690
326.78569178	0.52300690
327.28569175	0.52300690
327.78569171	0.51368730
328.28569168	0.52300690
328.78569164	0.52300690
329.28569161	0.52300690
329.78569157	0.52300690
330.28569154	0.52300690
330.78569151	0.52300690
331.28569147	0.52300690
331.78569144	0.52300690
332.28569140	0.52300690
332.78569137	0.52300690
333.28569133	0.52300690
333.78569130	0.52300690
334.28569126	0.52300690
334.78569123	0.52300690
335.28569120	0.52300690
335.78569116	0.52300690
336.28569113	0.53235730
336.78569109	0.55102730
337.28569106	0.52300690
337.78569102	0.53235730
338.28569099	0.53235730
338.78569095	0.53235730
339.28569092	0.53235730
339.78569089	0.53235730
340.28569085	0.53235730
340.78569082	0.53235730
341.28569078	0.54170770
341.78569075	0.53235730
342.28569071	0.53235730
342.78569068	0.53235730
343.28569064	0.53235730
343.78569061	0.53235730
344.28569057	0.53235730
344.78569054	0.54170770
345.28569051	0.51368730
345.78569047	0.54170770
346.28569044	0.53235730
346.78569040	0.54170770
347.28569037	0.54170770
347.78569033	0.54170770
348.28569030	0.53235730
348.78569026	0.53235730
349.28569023	0.54170770
349.78569020	0.54170770
350.28569016	0.54170770
350.78569013	0.55102730
351.28569009	0.53235730
351.78569006	0.55102730
352.28569002	0.54170770
352.78568999	0.55102730
353.28568995	0.54170770
353.78568992	0.54170770
354.28568989	0.55102730
354.78568985	0.54170770
355.28568982	0.54170770
355.78568978	0.55102730
356.28568975	0.55102730
356.78568971	0.55102730
357.28568968	0.55102730
357.78568964	0.56037770
358.28568961	0.55102730
358.78568958	0.55102730
359.28568954	0.51368730
359.78568951	0.55102730
360.28568947	0.57904770
360.78568944	0.60706820
361.28568940	0.55102730
361.78568937	0.55102730
362.28568933	0.55102730
362.78568930	0.55102730
363.28568927	0.54170770
363.78568923	0.56037770
364.28568920	0.55102730
364.78568916	0.56037770
365.28568913	0.56037770
365.78568909	0.55102730
366.28568906	0.56037770
366.78568902	0.56037770
367.28568899	0.56037770
367.78568896	0.56037770
368.28568892	0.56037770
368.78568889	0.56037770
369.28568885	0.56037770
369.78568882	0.56037770
370.28568878	0.55102730
370.78568875	0.56037770
371.28568871	0.56037770
371.78568868	0.56037770
372.28568865	0.56972810
372.78568861	0.56037770
373.28568858	0.56972810
373.78568854	0.56972810
374.28568851	0.56037770
374.78568847	0.56037770
375.28568844	0.56972810
375.78568840	0.56972810
376.28568837	0.56972810
376.78568834	0.56037770
377.28568830	0.56972810
377.78568827	0.57904770
378.28568823	0.56972810
378.78568820	0.56972810
379.28568816	0.56972810
379.78568813	0.56972810
380.28568809	0.56037770
380.78568806	0.56972810
381.28568802	0.56972810
381.78568799	0.56972810
382.28568796	0.56972810
382.78568792	0.56972810
383.28568789	0.57904770
383.78568785	0.57904770
384.28568782	0.57904770
384.78568778	0.57904770
385.28568775	0.56972810
385.78568771	0.57904770
386.28568768	0.57904770
386.78568765	0.57904770
387.28568761	0.57904770
387.78568758	0.57904770
388.28568754	0.60706820
388.78568751	0.57904770
389.28568747	0.57904770
389.78568744	0.57904770
390.28568740	0.56972810
390.78568737	0.57904770
391.28568734	0.58839810
391.78568730	0.56037770
392.28568727	0.58839810
392.78568723	0.57904770
393.28568720	0.58839810
393.78568716	0.58839810
394.28568713	0.57904770
394.78568709	0.57904770
395.28568706	0.58839810
395.78568703	0.59774850
396.28568699	0.57904770
396.78568696	0.59774850
397.28568692	0.58839810
397.78568689	0.58839810
398.28568685	0.53235730
398.78568682	0.58839810
399.28568678	0.58839810
399.78568675	0.59774850
400.28568672	0.58839810
400.78568668	0.59774850
401.28568665	0.58839810
401.78568661	0.58839810
402.28568658	0.59774850
402.78568654	0.59774850
403.28568651	0.58839810
403.78568647	0.59774850
404.28568644	0.60706820
404.78568641	0.59774850
405.28568637	0.58839810
405.78568634	0.61641850
406.28568630	0.59774850
406.78568627	0.59774850
407.28568623	0.61641850
407.78568620	0.59774850
408.28568616	0.59774850
408.78568613	0.59774850
409.28568610	0.59774850
409.78568606	0.59774850
410.28568603	0.60706820
410.78568599	0.61641850
411.28568596	0.60706820
411.78568592	0.60706820
412.28568589	0.60706820
412.78568585	0.60706820
413.28568582	0.60706820
413.78568579	0.60706820
414.28568575	0.61641850
414.78568572	0.60706820
415.28568568	0.61641850
415.78568565	0.60706820
416.28568561	0.60706820
416.78568558	0.59774850
417.28568554	0.60706820
417.78568551	0.61641850
418.28568547	0.61641850
418.78568544	0.61641850
419.28568541	0.61641850
419.78568537	0.61641850
420.28568534	0.61641850
420.78568530	0.60706820
421.28568527	0.59774850
421.78568523	0.60706820
422.28568520	0.61641850
422.78568516	0.62573820
423.28568513	0.61641850
423.78568510	0.61641850
424.28568506	0.60706820
424.78568503	0.61641850
425.28568499	0.62573820
425.78568496	0.61641850
426.28568492	0.60706820
426.78568489	0.62573820
427.28568485	0.62573820
427.78568482	0.61641850
428.28568479	0.62573820
428.78568475	0.61641850
429.28568472	0.61641850
429.78568468	0.61641850
430.28568465	0.62573820
430.78568461	0.61641850
431.28568458	0.64443900
431.78568454	0.62573820
432.28568451	0.62573820
432.78568448	0.62573820
433.28568444	0.63508860
433.78568441	0.62573820
434.28568437	0.62573820
434.78568434	0.62573820
435.28568430	0.62573820
435.78568427	0.62573820
436.28568423	0.63508860
436.78568420	0.63508860
437.28568417	0.61641850
437.78568413	0.63508860
438.28568410	0.63508860
438.78568406	0.63508860
439.28568403	0.63508860
439.78568399	0.63508860
440.28568396	0.63508860
440.78568392	0.63508860
441.28568389	0.63508860
441.78568386	0.63508860
442.28568382	0.63508860
442.78568379	0.63508860
443.28568375	0.64443900
443.78568372	0.64443900
444.28568368	0.64443900
444.78568365	0.63508860
445.28568361	0.64443900
445.78568358	0.64443900
446.28568355	0.64443900
446.78568351	0.66310900
447.28568348	0.64443900
447.78568344	0.63508860
448.28568341	0.64443900
448.78568337	0.63508860
449.28568334	0.64443900
449.78568330	0.64443900
450.28568327	0.64443900
450.78568324	0.64443900
451.28568320	0.64443900
451.78568317	0.64443900
452.28568313	0.65375860
452.78568310	0.65375860
453.28568306	0.65375860
453.78568303	0.65375860
454.28568299	0.64443900
454.78568296	0.65375860
455.28568293	0.65375860
455.78568289	0.64443900
456.28568286	0.65375860
456.78568282	0.66310900
457.28568279	0.66310900
457.78568275	0.65375860
458.28568272	0.65375860
458.78568268	0.66310900
459.28568265	0.65375860
459.78568261	0.65375860
460.28568258	0.65375860
460.78568255	0.66310900
461.28568251	0.66310900
461.78568248	0.65375860
462.28568244	0.66310900
462.78568241	0.65375860
463.28568237	0.66310900
463.78568234	0.66310900
464.28568230	0.66310900
464.78568227	0.66310900
465.28568224	0.66310900
465.78568220	0.66310900
466.28568217	0.66310900
466.78568213	0.66310900
467.28568210	0.66310900
467.78568206	0.66310900
468.28568203	0.66310900
468.78568199	0.66310900
469.28568196	0.66310900
469.78568193	0.67245940
470.28568189	0.66310900
470.78568186	0.67245940
471.28568182	0.67245940
471.78568179	0.67245940
472.28568175	0.67245940
472.78568172	0.67245940
473.28568168	0.68177900
473.78568165	0.69112940
474.28568162	0.67245940
474.78568158	0.68177900
475.28568155	0.68177900
475.78568151	0.68177900
476.28568148	0.69112940
476.78568144	0.67245940
477.28568141	0.68177900
477.78568137	0.68177900
478.28568134	0.68177900
478.78568131	0.68177900
479.28568127	0.67245940
479.78568124	0.68177900
480.28568120	0.69112940
480.78568117	0.68177900
481.28568113	0.68177900
481.78568110	0.68177900
482.28568106	0.68177900
482.78568103	0.69112940
483.28568100	0.69112940
483.78568096	0.69112940
484.28568093	0.68177900
484.78568089	0.69112940
485.28568086	0.69112940
485.78568082	0.68177900
486.28568079	0.68177900
486.78568075	0.68177900
487.28568072	0.69112940
487.78568069	0.69112940
488.28568065	0.68177900
488.78568062	0.69112940
489.28568058	0.69112940
489.78568055	0.70047980
490.28568051	0.69112940
490.78568048	0.69112940
491.28568044	0.69112940
491.78568041	0.69112940
492.28568038	0.70047980
492.78568034	0.69112940
493.28568031	0.70047980
493.78568027	0.69112940
494.28568024	0.70979950
494.78568020	0.70047980
495.28568017	0.70047980
495.78568013	0.70047980
496.28568010	0.70047980
496.78568006	0.70047980
497.28568003	0.70047980
497.78568000	0.70047980
498.28567996	0.70047980
498.78567993	0.70979950
499.28567989	0.70979950
499.78567986	0.70047980
500.28567982	0.70047980
500.78567979	0.70979950
501.28567975	0.70979950
501.78567972	0.70047980
502.28567969	0.69112940
502.78567965	0.70979950
503.28567962	0.70979950
503.78567958	0.70979950
504.28567955	0.71914980
504.78567951	0.70979950
505.28567948	0.70979950
505.78567944	0.70979950
506.28567941	0.70979950
506.78567938	0.71914980
507.28567934	0.70979950
507.78567931	0.70979950
508.28567927	0.71914980
508.78567924	0.70979950
509.28567920	0.71914980
509.78567917	0.70979950
510.28567913	0.70979950
510.78567910	0.71914980
511.28567907	0.71914980
511.78567903	0.71914980
512.28567900	0.71914980
512.78567896	0.71914980
513.28567893	0.71914980
513.78567889	0.71914980
514.28567886	0.71914980
514.78567882	0.72850020
515.28567879	0.72850020
515.78567876	0.71914980
516.28567872	0.71914980
516.78567869	0.72850020
517.28567865	0.71914980
517.78567862	0.71914980
518.28567858	0.72850020
518.78567855	0.72850020
519.28567851	0.72850020
519.78567848	0.72850020
520.28567845	0.73781990
520.78567841	0.72850020
521.28567838	0.72850020
521.78567834	0.72850020
522.28567831	0.73781990
522.78567827	0.00000000
523.28567824	0.70047980
523.78567820	0.73781990
524.28567817	0.73781990
524.78567814	0.73781990
525.28567810	0.72850020
525.78567807	0.73781990
526.28567803	0.73781990
526.78567800	0.73781990
527.28567796	0.69112940
527.78567793	0.73781990
528.28567789	0.73781990
528.78567786	0.73781990
529.28567783	0.74717030
529.78567779	0.73781990
530.28567776	0.74717030
530.78567772	0.74717030
531.28567769	0.71914980
531.78567765	0.74717030
532.28567762	0.74717030
532.78567758	0.75652070
533.28567755	0.74717030
533.78567751	0.73781990
534.28567748	0.73781990
534.78567745	0.76584030
535.28567741	0.74717030
535.78567738	0.74717030
536.28567734	0.75652070
536.78567731	0.74717030
537.28567727	0.75652070
537.78567724	0.75652070
538.28567720	0.75652070
538.78567717	0.74717030
539.28567714	0.75652070
539.78567710	0.75652070
540.28567707	0.75652070
540.78567703	0.74717030
541.28567700	0.75652070
541.78567696	0.75652070
542.28567693	0.75652070
542.78567689	0.76584030
543.28567686	0.75652070
543.78567683	0.75652070
544.28567679	0.75652070
544.78567676	0.76584030
545.28567672	0.76584030
545.78567669	0.76584030
546.28567665	0.76584030
546.78567662	0.75652070
547.28567658	0.76584030
547.78567655	0.77519070
548.28567652	0.77519070
548.78567648	0.76584030
549.28567645	0.76584030
549.78567641	0.76584030
550.28567638	0.76584030
550.78567634	0.76584030
551.28567631	0.77519070
551.78567627	0.76584030
552.28567624	0.76584030
552.78567621	0.77519070
553.28567617	0.77519070
553.78567614	0.77519070
554.28567610	0.77519070
554.78567607	0.77519070
555.28567603	0.77519070
555.78567600	0.77519070
556.28567596	0.78454110
556.78567593	0.77519070
557.28567590	0.77519070
557.78567586	0.76584030
558.28567583	0.77519070
558.78567579	0.78454110
559.28567576	0.78454110
559.78567572	0.78454110
560.28567569	0.78454110
560.78567565	0.78454110
561.28567562	0.78454110
561.78567559	0.78454110
562.28567555	0.77519070
562.78567552	0.78454110
563.28567548	0.80321110
563.78567545	0.83123150
564.28567541	0.79386070
564.78567538	0.78454110
565.28567534	0.78454110
565.78567531	0.79386070
566.28567528	0.78454110
566.78567524	0.79386070
567.28567521	0.79386070
567.78567517	0.79386070
568.28567514	0.77519070
568.78567510	0.79386070
569.28567507	0.79386070
569.78567503	0.79386070
570.28567500	0.80321110
570.78567497	0.80321110
571.28567493	0.79386070
571.78567490	0.80321110
572.28567486	0.82188120
572.78567483	0.79386070
573.28567479	0.80321110
573.78567476	0.79386070
574.28567472	0.80321110
574.78567469	0.80321110
575.28567465	0.81256150
575.78567462	0.79386070
576.28567459	0.80321110
576.78567455	0.80321110
577.28567452	0.80321110
577.78567448	0.80321110
578.28567445	0.80321110
578.78567441	0.80321110
579.28567438	0.81256150
579.78567434	0.81256150
580.28567431	0.81256150
580.78567428	0.80321110
581.28567424	0.80321110
581.78567421	0.81256150
582.28567417	0.81256150
582.78567414	0.80321110
583.28567410	0.82188120
583.78567407	0.81256150
584.28567403	0.81256150
584.78567400	0.81256150
585.28567397	0.81256150
585.78567393	0.81256150
586.28567390	0.82188120
586.78567386	0.81256150
587.28567383	0.82188120
587.78567379	0.82188120
588.28567376	0.81256150
588.78567372	0.83123150
589.28567369	0.82188120
589.78567366	0.82188120
590.28567362	0.83123150
590.78567359	0.82188120
591.28567355	0.82188120
591.78567352	0.82188120
592.28567348	0.82188120
592.78567345	0.00931964
593.28567341	0.00931964
593.78567338	0.00931964
594.28567335	0.83123150
594.78567331	0.82188120
595.28567328	0.83123150
595.78567324	0.83123150
596.28567321	0.83123150
596.78567317	0.83123150
597.28567314	0.83123150
597.78567310	0.83123150
598.28567307	0.83123150
598.78567304	0.83123150
599.28567300	0.14007140
599.78567297	0.00931964
600.28567293	0.00000000
600.78567290	-0.00931964
601.28567286	0.00000000
601.78567283	0.00000000
602.28567279	-0.00931964
602.78567276	0.83123150
603.28567273	0.83123150
603.78567269	0.00000000
604.28567266	0.00000000
604.78567262	-0.01867003
605.28567259	-0.00931964
605.78567255	-0.00931964
606.28567252	-0.00931964
606.78567248	-0.00931964
607.28567245	-0.02798967
607.78567242	-0.01867003
608.28567238	-0.02798967
608.78567235	-0.01867003
609.28567231	0.00931964
609.78567228	-0.00931964
610.28567224	0.00000000
610.78567221	0.00000000
611.28567217	0.00000000
611.78567214	0.00000000
612.28567210	0.00000000
612.78567207	0.02798967
613.28567204	0.01867003
613.78567200	0.00931964
614.28567197	0.00931964
614.78567193	0.00931964
615.28567190	0.00000000
615.78567186	0.00931964
616.28567183	0.01867003
616.78567179	0.00000000
617.28567176	0.01867003
617.78567173	0.00931964
