-383.91664020	0.23348300
-383.41664024	0.23348300
-382.91664027	0.23348300
-382.41664031	0.22413260
-381.91664034	0.21481300
-381.41664038	0.22413260
-380.91664041	0.22413260
-380.41664044	0.19611220
-379.91664048	0.22413260
-379.41664051	0.23348300
-378.91664055	0.21481300
-378.41664058	0.23348300
-377.91664062	0.22413260
-377.41664065	0.22413260
-376.91664069	0.23348300
-376.41664072	0.22413260
-375.91664075	0.23348300
-375.41664079	0.23348300
-374.91664082	0.23348300
-374.41664086	0.23348300
-373.91664089	0.23348300
-373.41664093	0.23348300
-372.91664096	0.23348300
-372.41664100	0.22413260
-371.91664103	0.23348300
-371.41664106	0.23348300
-370.91664110	0.23348300
-370.41664113	0.22413260
-369.91664117	0.22413260
-369.41664120	0.23348300
-368.91664124	0.22413260
-368.41664127	0.22413260
-367.91664131	0.22413260
-367.41664134	0.22413260
-366.91664137	0.23348300
-366.41664141	0.22413260
-365.91664144	0.22413260
-365.41664148	0.22413260
-364.91664151	0.22413260
-364.41664155	0.23348300
-363.91664158	0.23348300
-363.41664162	0.23348300
-362.91664165	0.23348300
-362.41664168	0.23348300
-361.91664172	0.22413260
-361.41664175	0.23348300
-360.91664179	0.22413260
-360.41664182	0.21481300
-359.91664186	0.23348300
-359.41664189	0.23348300
-358.91664193	0.22413260
-358.41664196	0.22413260
-357.91664199	0.24283340
-357.41664203	0.23348300
-356.91664206	0.23348300
-356.41664210	0.22413260
-355.91664213	0.22413260
-355.41664217	0.23348300
-354.91664220	0.23348300
-354.41664224	0.23348300
-353.91664227	0.23348300
-353.41664231	0.23348300
-352.91664234	0.23348300
-352.41664237	0.22413260
-351.91664241	0.23348300
-351.41664244	0.23348300
-350.91664248	0.23348300
-350.41664251	0.22413260
-349.91664255	0.22413260
-349.41664258	0.23348300
-348.91664262	0.23348300
-348.41664265	0.22413260
-347.91664268	0.22413260
-347.41664272	0.22413260
-346.91664275	0.22413260
-346.41664279	0.22413260
-345.91664282	0.22413260
-345.41664286	0.22413260
-344.91664289	0.22413260
-344.41664293	0.22413260
-343.91664296	0.23348300
-343.41664299	0.23348300
-342.91664303	0.22413260
-342.41664306	0.22413260
-341.91664310	0.23348300
-341.41664313	0.23348300
-340.91664317	0.22413260
-340.41664320	0.22413260
-339.91664324	0.22413260
-339.41664327	0.22413260
-338.91664330	0.22413260
-338.41664334	0.23348300
-337.91664337	0.23348300
-337.41664341	0.22413260
-336.91664344	0.23348300
-336.41664348	0.22413260
-335.91664351	0.23348300
-335.41664355	0.23348300
-334.91664358	0.23348300
-334.41664361	0.22413260
-333.91664365	0.23348300
-333.41664368	0.23348300
-332.91664372	0.23348300
-332.41664375	0.22413260
-331.91664379	0.24283340
-331.41664382	0.23348300
-330.91664386	0.22413260
-330.41664389	0.22413260
-329.91664392	0.23348300
-329.41664396	0.22413260
-328.91664399	0.22413260
-328.41664403	0.22413260
-327.91664406	0.23348300
-327.41664410	0.22413260
-326.91664413	0.22413260
-326.41664417	0.22413260
-325.91664420	0.23348300
-325.41664423	0.23348300
-324.91664427	0.23348300
-324.41664430	0.22413260
-323.91664434	0.22413260
-323.41664437	0.22413260
-322.91664441	0.22413260
-322.41664444	0.23348300
-321.91664448	0.23348300
-321.41664451	0.23348300
-320.91664454	0.22413260
-320.41664458	0.23348300
-319.91664461	0.22413260
-319.41664465	0.22413260
-318.91664468	0.23348300
-318.41664472	0.22413260
-317.91664475	0.23348300
-317.41664479	0.23348300
-316.91664482	0.22413260
-316.41664486	0.22413260
-315.91664489	0.23348300
-315.41664492	0.22413260
-314.91664496	0.23348300
-314.41664499	0.23348300
-313.91664503	0.23348300
-313.41664506	0.22413260
-312.91664510	0.22413260
-312.41664513	0.22413260
-311.91664517	0.22413260
-311.41664520	0.23348300
-310.91664523	0.22413260
-310.41664527	0.25215300
-309.91664530	0.23348300
-309.41664534	0.23348300
-308.91664537	0.23348300
-308.41664541	0.22413260
-307.91664544	0.22413260
-307.41664548	0.23348300
-306.91664551	0.22413260
-306.41664554	0.23348300
-305.91664558	0.22413260
-305.41664561	0.23348300
-304.91664565	0.26150350
-304.41664568	0.23348300
-303.91664572	0.22413260
-303.41664575	0.22413260
-302.91664579	0.22413260
-302.41664582	0.22413260
-301.91664585	0.22413260
-301.41664589	0.23348300
-300.91664592	0.22413260
-300.41664596	0.22413260
-299.91664599	0.23348300
-299.41664603	0.23348300
-298.91664606	0.22413260
-298.41664610	0.23348300
-297.91664613	0.23348300
-297.41664616	0.22413260
-296.91664620	0.22413260
-296.41664623	0.23348300
-295.91664627	0.22413260
-295.41664630	0.22413260
-294.91664634	0.22413260
-294.41664637	0.23348300
-293.91664641	0.23348300
-293.41664644	0.22413260
-292.91664647	0.22413260
-292.41664651	0.22413260
-291.91664654	0.22413260
-291.41664658	0.23348300
-290.91664661	0.23348300
-290.41664665	0.22413260
-289.91664668	0.22413260
-289.41664672	0.23348300
-288.91664675	0.23348300
-288.41664678	0.22413260
-287.91664682	0.22413260
-287.41664685	0.24283340
-286.91664689	0.22413260
-286.41664692	0.23348300
-285.91664696	0.22413260
-285.41664699	0.22413260
-284.91664703	0.22413260
-284.41664706	0.22413260
-283.91664709	0.23348300
-283.41664713	0.23348300
-282.91664716	0.22413260
-282.41664720	0.23348300
-281.91664723	0.22413260
-281.41664727	0.22413260
-280.91664730	0.23348300
-280.41664734	0.23348300
-279.91664737	0.22413260
-279.41664741	0.23348300
-278.91664744	0.22413260
-278.41664747	0.22413260
-277.91664751	0.23348300
-277.41664754	0.22413260
-276.91664758	0.20546260
-276.41664761	0.23348300
-275.91664765	0.23348300
-275.41664768	0.22413260
-274.91664772	0.23348300
-274.41664775	0.23348300
-273.91664778	0.23348300
-273.41664782	0.23348300
-272.91664785	0.23348300
-272.41664789	0.22413260
-271.91664792	0.22413260
-271.41664796	0.23348300
-270.91664799	0.22413260
-270.41664803	0.22413260
-269.91664806	0.22413260
-269.41664809	0.22413260
-268.91664813	0.22413260
-268.41664816	0.22413260
-267.91664820	0.23348300
-267.41664823	0.23348300
-266.91664827	0.22413260
-266.41664830	0.22413260
-265.91664834	0.22413260
-265.41664837	0.22413260
-264.91664840	0.22413260
-264.41664844	0.23348300
-263.91664847	0.23348300
-263.41664851	0.22413260
-262.91664854	0.22413260
-262.41664858	0.23348300
-261.91664861	0.23348300
-261.41664865	0.23348300
-260.91664868	0.22413260
-260.41664871	0.23348300
-259.91664875	0.23348300
-259.41664878	0.23348300
-258.91664882	0.22413260
-258.41664885	0.22413260
-257.91664889	0.22413260
-257.41664892	0.23348300
-256.91664896	0.24283340
-256.41664899	0.22413260
-255.91664902	0.23348300
-255.41664906	0.22413260
-254.91664909	0.22413260
-254.41664913	0.23348300
-253.91664916	0.22413260
-253.41664920	0.22413260
-252.91664923	0.23348300
-252.41664927	0.23348300
-251.91664930	0.23348300
-251.41664933	0.22413260
-250.91664937	0.23348300
-250.41664940	0.22413260
-249.91664944	0.22413260
-249.41664947	0.23348300
-248.91664951	0.23348300
-248.41664954	0.22413260
-247.91664958	0.22413260
-247.41664961	0.23348300
-246.91664964	0.22413260
-246.41664968	0.22413260
-245.91664971	0.22413260
-245.41664975	0.22413260
-244.91664978	0.22413260
-244.41664982	0.23348300
-243.91664985	0.22413260
-243.41664989	0.23348300
-242.91664992	0.23348300
-242.41664995	0.23348300
-241.91664999	0.23348300
-241.41665002	0.23348300
-240.91665006	0.23348300
-240.41665009	0.22413260
-239.91665013	0.24283340
-239.41665016	0.23348300
-238.91665020	0.23348300
-238.41665023	0.22413260
-237.91665027	0.23348300
-237.41665030	0.22413260
-236.91665033	0.22413260
-236.41665037	0.23348300
-235.91665040	0.21481300
-235.41665044	0.22413260
-234.91665047	0.23348300
-234.41665051	0.22413260
-233.91665054	0.22413260
-233.41665058	0.23348300
-232.91665061	0.23348300
-232.41665064	0.23348300
-231.91665068	0.23348300
-231.41665071	0.23348300
-230.91665075	0.23348300
-230.41665078	0.22413260
-229.91665082	0.23348300
-229.41665085	0.22413260
-228.91665089	0.23348300
-228.41665092	0.23348300
-227.91665095	0.23348300
-227.41665099	0.22413260
-226.91665102	0.22413260
-226.41665106	0.23348300
-225.91665109	0.22413260
-225.41665113	0.22413260
-224.91665116	0.23348300
-224.41665120	0.23348300
-223.91665123	0.22413260
-223.41665126	0.23348300
-222.91665130	0.23348300
-222.41665133	0.23348300
-221.91665137	0.22413260
-221.41665140	0.23348300
-220.91665144	0.23348300
-220.41665147	0.22413260
-219.91665151	0.22413260
-219.41665154	0.22413260
-218.91665157	0.21481300
-218.41665161	0.23348300
-217.91665164	0.22413260
-217.41665168	0.22413260
-216.91665171	0.23348300
-216.41665175	0.19611220
-215.91665178	0.22413260
-215.41665182	0.23348300
-214.91665185	0.22413260
-214.41665188	0.23348300
-213.91665192	0.23348300
-213.41665195	0.22413260
-212.91665199	0.22413260
-212.41665202	0.22413260
-211.91665206	0.23348300
-211.41665209	0.22413260
-210.91665213	0.22413260
-210.41665216	0.21481300
-209.91665219	0.23348300
-209.41665223	0.23348300
-208.91665226	0.23348300
-208.41665230	0.22413260
-207.91665233	0.23348300
-207.41665237	0.23348300
-206.91665240	0.23348300
-206.41665244	0.15877210
-205.91665247	0.23348300
-205.41665250	0.22413260
-204.91665254	0.23348300
-204.41665257	0.22413260
-203.91665261	0.23348300
-203.41665264	0.21481300
-202.91665268	0.23348300
-202.41665271	0.22413260
-201.91665275	0.20546260
-201.41665278	0.23348300
-200.91665282	0.23348300
-200.41665285	0.23348300
-199.91665288	0.22413260
-199.41665292	0.23348300
-198.91665295	0.22413260
-198.41665299	0.22413260
-197.91665302	0.22413260
-197.41665306	0.23348300
-196.91665309	0.23348300
-196.41665313	0.26150350
-195.91665316	0.23348300
-195.41665319	0.22413260
-194.91665323	0.22413260
-194.41665326	0.23348300
-193.91665330	0.23348300
-193.41665333	0.21481300
-192.91665337	0.22413260
-192.41665340	0.23348300
-191.91665344	0.25215300
-191.41665347	0.23348300
-190.91665350	0.23348300
-190.41665354	0.19611220
-189.91665357	0.23348300
-189.41665361	0.23348300
-188.91665364	0.24283340
-188.41665368	0.23348300
-187.91665371	0.23348300
-187.41665375	0.22413260
-186.91665378	0.22413260
-186.41665381	0.23348300
-185.91665385	0.22413260
-185.41665388	0.23348300
-184.91665392	0.23348300
-184.41665395	0.23348300
-183.91665399	0.23348300
-183.41665402	0.22413260
-182.91665406	0.20546260
-182.41665409	0.23348300
-181.91665412	0.24283340
-181.41665416	0.23348300
-180.91665419	0.24283340
-180.41665423	0.23348300
-179.91665426	0.23348300
-179.41665430	0.23348300
-178.91665433	0.23348300
-178.41665437	0.22413260
-177.91665440	0.23348300
-177.41665443	0.24283340
-176.91665447	0.23348300
-176.41665450	0.23348300
-175.91665454	0.23348300
-175.41665457	0.23348300
-174.91665461	0.23348300
-174.41665464	0.23348300
-173.91665468	0.23348300
-173.41665471	0.23348300
-172.91665474	0.22413260
-172.41665478	0.23348300
-171.91665481	0.23348300
-171.41665485	0.23348300
-170.91665488	0.23348300
-170.41665492	0.23348300
-169.91665495	0.23348300
-169.41665499	0.24283340
-168.91665502	0.23348300
-168.41665505	0.23348300
-167.91665509	0.23348300
-167.41665512	0.26150350
-166.91665516	0.22413260
-166.41665519	0.23348300
-165.91665523	0.24283340
-165.41665526	0.23348300
-164.91665530	0.23348300
-164.41665533	0.23348300
-163.91665537	0.23348300
-163.41665540	0.23348300
-162.91665543	0.24283340
-162.41665547	0.23348300
-161.91665550	0.23348300
-161.41665554	0.21481300
-160.91665557	0.23348300
-160.41665561	0.23348300
-159.91665564	0.23348300
-159.41665568	0.23348300
-158.91665571	0.23348300
-158.41665574	0.23348300
-157.91665578	0.23348300
-157.41665581	0.23348300
-156.91665585	0.23348300
-156.41665588	0.24283340
-155.91665592	0.23348300
-155.41665595	0.23348300
-154.91665599	0.23348300
-154.41665602	0.29887430
-153.91665605	0.22413260
-153.41665609	0.23348300
-152.91665612	0.23348300
-152.41665616	0.24283340
-151.91665619	0.24283340
-151.41665623	0.24283340
-150.91665626	0.24283340
-150.41665630	0.24283340
-149.91665633	0.24283340
-149.41665636	0.23348300
-148.91665640	0.24283340
-148.41665643	0.23348300
-147.91665647	0.23348300
-147.41665650	0.23348300
-146.91665654	0.23348300
-146.41665657	0.23348300
-145.91665661	0.23348300
-145.41665664	0.23348300
-144.91665667	0.24283340
-144.41665671	0.24283340
-143.91665674	0.24283340
-143.41665678	0.23348300
-142.91665681	0.23348300
-142.41665685	0.24283340
-141.91665688	0.24283340
-141.41665692	0.24283340
-140.91665695	0.24283340
-140.41665698	0.24283340
-139.91665702	0.23348300
-139.41665705	0.24283340
-138.91665709	0.25215300
-138.41665712	0.24283340
-137.91665716	0.24283340
-137.41665719	0.24283340
-136.91665723	0.21481300
-136.41665726	0.24283340
-135.91665729	0.23348300
-135.41665733	0.24283340
-134.91665736	0.24283340
-134.41665740	0.24283340
-133.91665743	0.24283340
-133.41665747	0.23348300
-132.91665750	0.24283340
-132.41665754	0.23348300
-131.91665757	0.23348300
-131.41665760	0.23348300
-130.91665764	0.24283340
-130.41665767	0.24283340
-129.91665771	0.24283340
-129.41665774	0.24283340
-128.91665778	0.24283340
-128.41665781	0.23348300
-127.91665785	0.23348300
-127.41665788	0.24283340
-126.91665791	0.27085380
-126.41665795	0.24283340
-125.91665798	0.23348300
-125.41665802	0.23348300
-124.91665805	0.24283340
-124.41665809	0.24283340
-123.91665812	0.24283340
-123.41665816	0.24283340
-122.91665819	0.24283340
-122.41665823	0.25215300
-121.91665826	0.25215300
-121.41665829	0.24283340
-120.91665833	0.24283340
-120.41665836	0.23348300
-119.91665840	0.24283340
-119.41665843	0.25215300
-118.91665847	0.25215300
-118.41665850	0.24283340
-117.91665854	0.25215300
-117.41665857	0.24283340
-116.91665860	0.24283340
-116.41665864	0.24283340
-115.91665867	0.24283340
-115.41665871	0.25215300
-114.91665874	0.23348300
-114.41665878	0.24283340
-113.91665881	0.24283340
-113.41665885	0.25215300
-112.91665888	0.24283340
-112.41665891	0.23348300
-111.91665895	0.24283340
-111.41665898	0.23348300
-110.91665902	0.24283340
-110.41665905	0.24283340
-109.91665909	0.24283340
-109.41665912	0.25215300
-108.91665916	0.24283340
-108.41665919	0.24283340
-107.91665922	0.25215300
-107.41665926	0.25215300
-106.91665929	0.24283340
-106.41665933	0.23348300
-105.91665936	0.25215300
-105.41665940	0.24283340
-104.91665943	0.25215300
-104.41665947	0.24283340
-103.91665950	0.25215300
-103.41665953	0.24283340
-102.91665957	0.24283340
-102.41665960	0.24283340
-101.91665964	0.24283340
-101.41665967	0.25215300
-100.91665971	0.24283340
-100.41665974	0.25215300
-99.91665978	0.25215300
-99.41665981	0.25215300
-98.91665984	0.25215300
-98.41665988	0.24283340
-97.91665991	0.25215300
-97.41665995	0.24283340
-96.91665998	0.25215300
-96.41666002	0.22413260
-95.91666005	0.24283340
-95.41666009	0.25215300
-94.91666012	0.25215300
-94.41666015	0.25215300
-93.91666019	0.24283340
-93.41666022	0.24283340
-92.91666026	0.25215300
-92.41666029	0.24283340
-91.91666033	0.25215300
-91.41666036	0.25215300
-90.91666040	0.25215300
-90.41666043	0.25215300
-89.91666046	0.25215300
-89.41666050	0.25215300
-88.91666053	0.24283340
-88.41666057	0.25215300
-87.91666060	0.25215300
-87.41666064	0.25215300
-86.91666067	0.25215300
-86.41666071	0.25215300
-85.91666074	0.25215300
-85.41666078	0.25215300
-84.91666081	0.25215300
-84.41666084	0.25215300
-83.91666088	0.25215300
-83.41666091	0.25215300
-82.91666095	0.25215300
-82.41666098	0.25215300
-81.91666102	0.26150350
-81.41666105	0.25215300
-80.91666109	0.25215300
-80.41666112	0.25215300
-79.91666115	0.25215300
-79.41666119	0.25215300
-78.91666122	0.25215300
-78.41666126	0.25215300
-77.91666129	0.26150350
-77.41666133	0.25215300
-76.91666136	0.25215300
-76.41666140	0.25215300
-75.91666143	0.26150350
-75.41666146	0.25215300
-74.91666150	0.25215300
-74.41666153	0.26150350
-73.91666157	0.25215300
-73.41666160	0.25215300
-72.91666164	0.25215300
-72.41666167	0.26150350
-71.91666171	0.25215300
-71.41666174	0.25215300
-70.91666177	0.25215300
-70.41666181	0.25215300
-69.91666184	0.29887430
-69.41666188	0.26150350
-68.91666191	0.25215300
-68.41666195	0.26150350
-67.91666198	0.26150350
-67.41666202	0.25215300
-66.91666205	0.25215300
-66.41666208	0.25215300
-65.91666212	0.26150350
-65.41666215	0.26150350
-64.91666219	0.26150350
-64.41666222	0.25215300
-63.91666226	0.25215300
-63.41666229	0.26150350
-62.91666233	0.25215300
-62.41666236	0.25215300
-61.91666239	0.25215300
-61.41666243	0.25215300
-60.91666246	0.25215300
-60.41666250	0.26150350
-59.91666253	0.26150350
-59.41666257	0.26150350
-58.91666260	0.26150350
-58.41666264	0.23348300
-57.91666267	0.26150350
-57.41666270	0.26150350
-56.91666274	0.26150350
-56.41666277	0.26150350
-55.91666281	0.27085380
-55.41666284	0.26150350
-54.91666288	0.26150350
-54.41666291	0.27085380
-53.91666295	0.25215300
-53.41666298	0.26150350
-52.91666301	0.26150350
-52.41666305	0.26150350
-51.91666308	0.26150350
-51.41666312	0.26150350
-50.91666315	0.26150350
-50.41666319	0.26150350
-49.91666322	0.26150350
-49.41666326	0.27085380
-48.91666329	0.25215300
-48.41666333	0.27085380
-47.91666336	0.26150350
-47.41666339	0.26150350
-46.91666343	0.26150350
-46.41666346	0.26150350
-45.91666350	0.26150350
-45.41666353	0.27085380
-44.91666357	0.26150350
-44.41666360	0.27085380
-43.91666364	0.27085380
-43.41666367	0.26150350
-42.91666370	0.26150350
-42.41666374	0.28017350
-41.91666377	0.25215300
-41.41666381	0.28017350
-40.91666384	0.26150350
-40.41666388	0.27085380
-39.91666391	0.26150350
-39.41666395	0.27085380
-38.91666398	0.27085380
-38.41666401	0.26150350
-37.91666405	0.26150350
-37.41666408	0.27085380
-36.91666412	0.27085380
-36.41666415	0.27085380
-35.91666419	0.27085380
-35.41666422	0.27085380
-34.91666426	0.26150350
-34.41666429	0.27085380
-33.91666432	0.27085380
-33.41666436	0.27085380
-32.91666439	0.27085380
-32.41666443	0.27085380
-31.91666446	0.27085380
-31.41666450	0.27085380
-30.91666453	0.27085380
-30.41666457	0.27085380
-29.91666460	0.27085380
-29.41666463	0.27085380
-28.91666467	0.27085380
-28.41666470	0.27085380
-27.91666474	0.27085380
-27.41666477	0.28017350
-26.91666481	0.27085380
-26.41666484	0.27085380
-25.91666488	0.26150350
-25.41666491	0.27085380
-24.91666494	0.27085380
-24.41666498	0.28017350
-23.91666501	0.27085380
-23.41666505	0.26150350
-22.91666508	0.28017350
-22.41666512	0.27085380
-21.91666515	0.28017350
-21.41666519	0.26150350
-20.91666522	0.27085380
-20.41666525	0.18679260
-19.91666529	0.27085380
-19.41666532	0.27085380
-18.91666536	0.28017350
-18.41666539	0.27085380
-17.91666543	0.28017350
-17.41666546	0.27085380
-16.91666550	0.27085380
-16.41666553	0.28017350
-15.91666556	0.27085380
-15.41666560	0.28017350
-14.91666563	0.28017350
-14.41666567	0.28017350
-13.91666570	0.27085380
-13.41666574	0.28017350
-12.91666577	0.28017350
-12.41666581	0.27085380
-11.91666584	0.28017350
-11.41666588	0.28017350
-10.91666591	0.28952390
-10.41666594	0.27085380
-9.91666598	0.28017350
-9.41666601	0.28017350
-8.91666605	0.28017350
-8.41666608	0.28017350
-7.91666612	0.28017350
-7.41666615	0.28017350
-6.91666619	0.27085380
-6.41666622	0.28017350
-5.91666625	0.28952390
-5.41666629	0.28017350
-4.91666632	0.28017350
-4.41666636	0.28952390
-3.91666639	0.28017350
-3.41666643	0.28017350
-2.91666646	0.28017350
-2.41666650	0.28952390
-1.91666653	0.28017350
-1.41666656	0.28017350
-0.91666660	0.28017350
-0.41666663	0.28017350
0.08333333	0.33621430
0.58333330	0.28017350
1.08333326	0.28952390
1.58333323	0.28017350
2.08333319	0.28017350
2.58333316	0.28017350
3.08333313	0.28952390
3.58333309	0.28017350
4.08333306	0.28017350
4.58333302	0.28952390
5.08333299	0.28952390
5.58333295	0.28952390
6.08333292	0.28017350
6.58333288	0.28017350
7.08333285	0.28017350
7.58333282	0.28017350
8.08333278	0.28952390
8.58333275	0.28952390
9.08333271	0.28952390
9.58333268	0.28952390
10.08333264	0.28952390
10.58333261	0.28952390
11.08333257	0.28952390
11.58333254	0.28952390
12.08333251	0.28952390
12.58333247	0.28952390
13.08333244	0.28952390
13.58333240	0.28952390
14.08333237	0.28952390
14.58333233	0.28017350
15.08333230	0.29887430
15.58333226	0.28952390
16.08333223	0.28952390
16.58333220	0.28952390
17.08333216	0.28952390
17.58333213	0.28952390
18.08333209	0.28952390
18.58333206	0.28952390
19.08333202	0.28017350
19.58333199	0.28952390
20.08333195	0.28952390
20.58333192	0.28017350
21.08333189	0.29887430
21.58333185	0.28952390
22.08333182	0.30819390
22.58333178	0.29887430
23.08333175	0.28952390
23.58333171	0.28952390
24.08333168	0.28952390
24.58333164	0.28952390
25.08333161	0.28952390
25.58333158	0.28952390
26.08333154	0.28952390
26.58333151	0.29887430
27.08333147	0.28952390
27.58333144	0.28952390
28.08333140	0.29887430
28.58333137	0.29887430
29.08333133	0.29887430
29.58333130	0.29887430
30.08333126	0.29887430
30.58333123	0.29887430
31.08333120	0.29887430
31.58333116	0.29887430
32.08333113	0.28952390
32.58333109	0.30819390
33.08333106	0.29887430
33.58333102	0.28952390
34.08333099	0.29887430
34.58333095	0.29887430
35.08333092	0.29887430
35.58333089	0.29887430
36.08333085	0.29887430
36.58333082	0.31754430
37.08333078	0.29887430
37.58333075	0.29887430
38.08333071	0.30819390
38.58333068	0.30819390
39.08333064	0.29887430
39.58333061	0.29887430
40.08333058	0.29887430
40.58333054	0.29887430
41.08333051	0.29887430
41.58333047	0.32686390
42.08333044	0.29887430
42.58333040	0.30819390
43.08333037	0.30819390
43.58333033	0.29887430
44.08333030	0.29887430
44.58333027	0.29887430
45.08333023	0.30819390
45.58333020	0.30819390
46.08333016	0.29887430
46.58333013	0.30819390
47.08333009	0.29887430
47.58333006	0.29887430
48.08333002	0.30819390
48.58332999	0.30819390
49.08332996	0.29887430
49.58332992	0.29887430
50.08332989	0.30819390
50.58332985	0.30819390
51.08332982	0.30819390
51.58332978	0.30819390
52.08332975	0.30819390
52.58332971	0.30819390
53.08332968	0.30819390
53.58332965	0.30819390
54.08332961	0.30819390
54.58332958	0.31754430
55.08332954	0.30819390
55.58332951	0.30819390
56.08332947	0.30819390
56.58332944	0.30819390
57.08332940	0.30819390
57.58332937	0.30819390
58.08332934	0.30819390
58.58332930	0.30819390
59.08332927	0.31754430
59.58332923	0.31754430
60.08332920	0.30819390
60.58332916	0.30819390
61.08332913	0.30819390
61.58332909	0.30819390
62.08332906	0.30819390
62.58332903	0.32686390
63.08332899	0.30819390
63.58332896	0.30819390
64.08332892	0.33621430
64.58332889	0.31754430
65.08332885	0.30819390
65.58332882	0.31754430
66.08332878	0.31754430
66.58332875	0.31754430
67.08332871	0.31754430
67.58332868	0.31754430
68.08332865	0.31754430
68.58332861	0.30819390
69.08332858	0.31754430
69.58332854	0.31754430
70.08332851	0.30819390
70.58332847	0.32686390
71.08332844	0.31754430
71.58332840	0.30819390
72.08332837	0.31754430
72.58332834	0.31754430
73.08332830	0.31754430
73.58332827	0.31754430
74.08332823	0.31754430
74.58332820	0.31754430
75.08332816	0.32686390
75.58332813	0.31754430
76.08332809	0.31754430
76.58332806	0.31754430
77.08332803	0.31754430
77.58332799	0.32686390
78.08332796	0.32686390
78.58332792	0.31754430
79.08332789	0.31754430
79.58332785	0.31754430
80.08332782	0.31754430
80.58332778	0.31754430
81.08332775	0.31754430
81.58332772	0.32686390
82.08332768	0.31754430
82.58332765	0.31754430
83.08332761	0.32686390
83.58332758	0.32686390
84.08332754	0.30819390
84.58332751	0.32686390
85.08332747	0.32686390
85.58332744	0.32686390
86.08332741	0.32686390
86.58332737	0.32686390
87.08332734	0.31754430
87.58332730	0.32686390
88.08332727	0.32686390
88.58332723	0.32686390
89.08332720	0.32686390
89.58332716	0.32686390
90.08332713	0.32686390
90.58332710	0.27085380
91.08332706	0.32686390
91.58332703	0.32686390
92.08332699	0.32686390
92.58332696	0.32686390
93.08332692	0.32686390
93.58332689	0.32686390
94.08332685	0.32686390
94.58332682	0.32686390
95.08332679	0.32686390
95.58332675	0.33621430
96.08332672	0.32686390
96.58332668	0.32686390
97.08332665	0.33621430
97.58332661	0.32686390
98.08332658	0.33621430
98.58332654	0.33621430
99.08332651	0.33621430
99.58332648	0.32686390
100.08332644	0.33621430
100.58332641	0.33621430
101.08332637	0.34556470
101.58332634	0.32686390
102.08332630	0.33621430
102.58332627	0.33621430
103.08332623	0.33621430
103.58332620	0.35488440
104.08332616	0.33621430
104.58332613	0.33621430
105.08332610	0.31754430
105.58332606	0.34556470
106.08332603	0.33621430
106.58332599	0.33621430
107.08332596	0.34556470
107.58332592	0.33621430
108.08332589	0.33621430
108.58332585	0.33621430
109.08332582	0.33621430
109.58332579	0.32686390
110.08332575	0.34556470
110.58332572	0.33621430
111.08332568	0.33621430
111.58332565	0.34556470
112.08332561	0.34556470
112.58332558	0.29887430
113.08332554	0.34556470
113.58332551	0.33621430
114.08332548	0.33621430
114.58332544	0.34556470
115.08332541	0.33621430
115.58332537	0.34556470
116.08332534	0.34556470
116.58332530	0.34556470
117.08332527	0.34556470
117.58332523	0.34556470
118.08332520	0.34556470
118.58332517	0.35488440
119.08332513	0.34556470
119.58332510	0.34556470
120.08332506	0.34556470
120.58332503	0.34556470
121.08332499	0.35488440
121.58332496	0.34556470
122.08332492	0.35488440
122.58332489	0.34556470
123.08332486	0.35488440
123.58332482	0.34556470
124.08332479	0.34556470
124.58332475	0.35488440
125.08332472	0.36423470
125.58332468	0.34556470
126.08332465	0.34556470
126.58332461	0.35488440
127.08332458	0.34556470
127.58332455	0.33621430
128.08332451	0.35488440
128.58332448	0.34556470
129.08332444	0.34556470
129.58332441	0.35488440
130.08332437	0.35488440
130.58332434	0.35488440
131.08332430	0.35488440
131.58332427	0.35488440
132.08332424	0.35488440
132.58332420	0.35488440
133.08332417	0.35488440
133.58332413	0.35488440
134.08332410	0.35488440
134.58332406	0.35488440
135.08332403	0.35488440
135.58332399	0.36423470
136.08332396	0.35488440
136.58332393	0.35488440
137.08332389	0.35488440
137.58332386	0.36423470
138.08332382	0.35488440
138.58332379	0.36423470
139.08332375	0.34556470
139.58332372	0.36423470
140.08332368	0.36423470
140.58332365	0.37358510
141.08332362	0.36423470
141.58332358	0.35488440
142.08332355	0.35488440
142.58332351	0.36423470
143.08332348	0.35488440
143.58332344	0.36423470
144.08332341	0.36423470
144.58332337	0.36423470
145.08332334	0.36423470
145.58332330	0.36423470
146.08332327	0.35488440
146.58332324	0.36423470
147.08332320	0.36423470
147.58332317	0.35488440
148.08332313	0.36423470
148.58332310	0.36423470
149.08332306	0.37358510
149.58332303	0.36423470
150.08332299	0.36423470
150.58332296	0.37358510
151.08332293	0.37358510
151.58332289	0.37358510
152.08332286	0.36423470
152.58332282	0.36423470
153.08332279	0.37358510
153.58332275	0.36423470
154.08332272	0.37358510
154.58332268	0.37358510
155.08332265	0.37358510
155.58332262	0.37358510
156.08332258	0.37358510
156.58332255	0.37358510
157.08332251	0.37358510
157.58332248	0.37358510
158.08332244	0.37358510
158.58332241	0.37358510
159.08332237	0.37358510
159.58332234	0.38290480
160.08332231	0.37358510
160.58332227	0.37358510
161.08332224	0.37358510
161.58332220	0.37358510
162.08332217	0.37358510
162.58332213	0.40160550
163.08332210	0.37358510
163.58332206	0.37358510
164.08332203	0.37358510
164.58332200	0.40160550
165.08332196	0.38290480
165.58332193	0.38290480
166.08332189	0.37358510
166.58332186	0.37358510
167.08332182	0.37358510
167.58332179	0.37358510
168.08332175	0.37358510
168.58332172	0.37358510
169.08332169	0.37358510
169.58332165	0.38290480
170.08332162	0.38290480
170.58332158	0.38290480
171.08332155	0.38290480
171.58332151	0.39225520
172.08332148	0.38290480
172.58332144	0.39225520
173.08332141	0.38290480
173.58332138	0.38290480
174.08332134	0.38290480
174.58332131	0.37358510
175.08332127	0.39225520
175.58332124	0.38290480
176.08332120	0.38290480
176.58332117	0.37358510
177.08332113	0.39225520
177.58332110	0.38290480
178.08332107	0.38290480
178.58332103	0.39225520
179.08332100	0.38290480
179.58332096	0.38290480
180.08332093	0.37358510
180.58332089	0.39225520
181.08332086	0.39225520
181.58332082	0.39225520
182.08332079	0.38290480
182.58332075	0.39225520
183.08332072	0.41092520
183.58332069	0.40160550
184.08332065	0.39225520
184.58332062	0.39225520
185.08332058	0.39225520
185.58332055	0.38290480
186.08332051	0.39225520
186.58332048	0.39225520
187.08332044	0.40160550
187.58332041	0.39225520
188.08332038	0.39225520
188.58332034	0.39225520
189.08332031	0.36423470
189.58332027	0.39225520
190.08332024	0.40160550
190.58332020	0.39225520
191.08332017	0.39225520
191.58332013	0.39225520
192.08332010	0.40160550
192.58332007	0.39225520
193.08332003	0.39225520
193.58332000	0.40160550
194.08331996	0.41092520
194.58331993	0.40160550
195.08331989	0.41092520
195.58331986	0.40160550
196.08331982	0.40160550
196.58331979	0.40160550
197.08331976	0.39225520
197.58331972	0.40160550
198.08331969	0.40160550
198.58331965	0.40160550
199.08331962	0.39225520
199.58331958	0.40160550
200.08331955	0.41092520
200.58331951	0.40160550
201.08331948	0.41092520
201.58331945	0.40160550
202.08331941	0.41092520
202.58331938	0.40160550
203.08331934	0.41092520
203.58331931	0.41092520
204.08331927	0.41092520
204.58331924	0.40160550
205.08331920	0.41092520
205.58331917	0.40160550
206.08331914	0.41092520
206.58331910	0.40160550
207.08331907	0.41092520
207.58331903	0.41092520
208.08331900	0.41092520
208.58331896	0.41092520
209.08331893	0.42027560
209.58331889	0.40160550
210.08331886	0.41092520
210.58331883	0.41092520
211.08331879	0.38290480
211.58331876	0.41092520
212.08331872	0.42027560
212.58331869	0.41092520
213.08331865	0.41092520
213.58331862	0.41092520
214.08331858	0.42027560
214.58331855	0.41092520
215.08331852	0.41092520
215.58331848	0.41092520
216.08331845	0.42962600
216.58331841	0.41092520
217.08331838	0.42027560
217.58331834	0.42027560
218.08331831	0.42027560
218.58331827	0.42027560
219.08331824	0.42027560
219.58331820	0.42027560
220.08331817	0.42027560
220.58331814	0.41092520
221.08331810	0.42962600
221.58331807	0.42027560
222.08331803	0.42962600
222.58331800	0.35488440
223.08331796	0.42962600
223.58331793	0.42027560
224.08331789	0.42027560
224.58331786	0.42962600
225.08331783	0.42027560
225.58331779	0.42962600
226.08331776	0.42027560
226.58331772	0.42027560
227.08331769	0.42962600
227.58331765	0.42027560
228.08331762	0.42027560
228.58331758	0.42962600
229.08331755	0.42027560
229.58331752	0.42962600
230.08331748	0.42962600
230.58331745	0.42962600
231.08331741	0.42962600
231.58331738	0.42027560
232.08331734	0.42962600
232.58331731	0.42962600
233.08331727	0.43894560
233.58331724	0.42962600
234.08331721	0.42962600
234.58331717	0.42962600
235.08331714	0.45764640
235.58331710	0.42962600
236.08331707	0.42962600
236.58331703	0.42962600
237.08331700	0.43894560
237.58331696	0.43894560
238.08331693	0.43894560
238.58331690	0.42962600
239.08331686	0.43894560
239.58331683	0.43894560
240.08331679	0.43894560
240.58331676	0.43894560
241.08331672	0.43894560
241.58331669	0.43894560
242.08331665	0.43894560
242.58331662	0.43894560
243.08331659	0.42962600
243.58331655	0.43894560
244.08331652	0.42962600
244.58331648	0.42027560
245.08331645	0.43894560
245.58331641	0.43894560
246.08331638	0.43894560
246.58331634	0.43894560
247.08331631	0.44829600
247.58331628	0.44829600
248.08331624	0.43894560
248.58331621	0.43894560
249.08331617	0.42962600
249.58331614	0.44829600
250.08331610	0.44829600
250.58331607	0.44829600
251.08331603	0.44829600
251.58331600	0.44829600
252.08331597	0.44829600
252.58331593	0.44829600
253.08331590	0.43894560
253.58331586	0.43894560
254.08331583	0.44829600
254.58331579	0.44829600
255.08331576	0.44829600
255.58331572	0.44829600
256.08331569	0.44829600
256.58331566	0.44829600
257.08331562	0.44829600
257.58331559	0.45764640
258.08331555	0.45764640
258.58331552	0.44829600
259.08331548	0.44829600
259.58331545	0.45764640
260.08331541	0.44829600
260.58331538	0.43894560
261.08331534	0.44829600
261.58331531	0.44829600
262.08331528	0.45764640
262.58331524	0.44829600
263.08331521	0.45764640
263.58331517	0.45764640
264.08331514	0.44829600
264.58331510	0.46696600
265.08331507	0.38290480
265.58331503	0.45764640
266.08331500	0.45764640
266.58331497	0.45764640
267.08331493	0.46696600
267.58331490	0.45764640
268.08331486	0.45764640
268.58331483	0.46696600
269.08331479	0.45764640
269.58331476	0.46696600
270.08331472	0.45764640
270.58331469	0.46696600
271.08331466	0.46696600
271.58331462	0.45764640
272.08331459	0.47631640
272.58331455	0.46696600
273.08331452	0.46696600
273.58331448	0.46696600
274.08331445	0.46696600
274.58331441	0.46696600
275.08331438	0.46696600
275.58331435	0.46696600
276.08331431	0.47631640
276.58331428	0.47631640
277.08331424	0.46696600
277.58331421	0.47631640
278.08331417	0.46696600
278.58331414	0.47631640
279.08331410	0.46696600
279.58331407	0.46696600
280.08331404	0.47631640
280.58331400	0.46696600
281.08331397	0.46696600
281.58331393	0.47631640
282.08331390	0.46696600
282.58331386	0.47631640
283.08331383	0.46696600
283.58331379	0.47631640
284.08331376	0.47631640
284.58331373	0.47631640
285.08331369	0.46696600
285.58331366	0.47631640
286.08331362	0.47631640
286.58331359	0.47631640
287.08331355	0.47631640
287.58331352	0.47631640
288.08331348	0.47631640
288.58331345	0.47631640
289.08331342	0.47631640
289.58331338	0.48566680
290.08331335	0.45764640
290.58331331	0.48566680
291.08331328	0.48566680
291.58331324	0.54170770
292.08331321	0.48566680
292.58331317	0.48566680
293.08331314	0.49498650
293.58331311	0.48566680
294.08331307	0.48566680
294.58331304	0.48566680
295.08331300	0.48566680
295.58331297	0.48566680
296.08331293	0.48566680
296.58331290	0.48566680
297.08331286	0.49498650
297.58331283	0.49498650
298.08331279	0.48566680
298.58331276	0.48566680
299.08331273	0.48566680
299.58331269	0.49498650
300.08331266	0.49498650
300.58331262	0.48566680
301.08331259	0.49498650
301.58331255	0.48566680
302.08331252	0.49498650
302.58331248	0.49498650
303.08331245	0.49498650
303.58331242	0.49498650
304.08331238	0.50433680
304.58331235	0.49498650
305.08331231	0.49498650
305.58331228	0.49498650
306.08331224	0.49498650
306.58331221	0.49498650
307.08331217	0.49498650
307.58331214	0.49498650
308.08331211	0.52300690
308.58331207	0.49498650
309.08331204	0.48566680
309.58331200	0.49498650
310.08331197	0.49498650
310.58331193	0.50433680
311.08331190	0.51368730
311.58331186	0.50433680
312.08331183	0.55102730
312.58331180	0.51368730
313.08331176	0.50433680
313.58331173	0.51368730
314.08331169	0.50433680
314.58331166	0.50433680
315.08331162	0.50433680
315.58331159	0.50433680
316.08331155	0.50433680
316.58331152	0.51368730
317.08331149	0.49498650
317.58331145	0.50433680
318.08331142	0.50433680
318.58331138	0.50433680
319.08331135	0.51368730
319.58331131	0.50433680
320.08331128	0.51368730
320.58331124	0.51368730
321.08331121	0.52300690
321.58331118	0.51368730
322.08331114	0.51368730
322.58331111	0.50433680
323.08331107	0.50433680
323.58331104	0.48566680
324.08331100	0.51368730
324.58331097	0.51368730
325.08331093	0.54170770
325.58331090	0.51368730
326.08331087	0.50433680
326.58331083	0.51368730
327.08331080	0.52300690
327.58331076	0.50433680
328.08331073	0.52300690
328.58331069	0.52300690
329.08331066	0.52300690
329.58331062	0.52300690
330.08331059	0.52300690
330.58331056	0.52300690
331.08331052	0.51368730
331.58331049	0.52300690
332.08331045	0.53235730
332.58331042	0.51368730
333.08331038	0.52300690
333.58331035	0.52300690
334.08331031	0.52300690
334.58331028	0.52300690
335.08331024	0.52300690
335.58331021	0.51368730
336.08331018	0.52300690
336.58331014	0.53235730
337.08331011	0.52300690
337.58331007	0.53235730
338.08331004	0.53235730
338.58331000	0.52300690
339.08330997	0.56972810
339.58330993	0.53235730
340.08330990	0.53235730
340.58330987	0.53235730
341.08330983	0.53235730
341.58330980	0.52300690
342.08330976	0.53235730
342.58330973	0.53235730
343.08330969	0.53235730
343.58330966	0.53235730
344.08330962	0.53235730
344.58330959	0.54170770
345.08330956	0.54170770
345.58330952	0.53235730
346.08330949	0.53235730
346.58330945	0.54170770
347.08330942	0.53235730
347.58330938	0.54170770
348.08330935	0.54170770
348.58330931	0.54170770
349.08330928	0.54170770
349.58330925	0.54170770
350.08330921	0.54170770
350.58330918	0.55102730
351.08330914	0.54170770
351.58330911	0.54170770
352.08330907	0.54170770
352.58330904	0.54170770
353.08330900	0.55102730
353.58330897	0.54170770
354.08330894	0.54170770
354.58330890	0.55102730
355.08330887	0.55102730
355.58330883	0.54170770
356.08330880	0.55102730
356.58330876	0.55102730
357.08330873	0.54170770
357.58330869	0.56972810
358.08330866	0.55102730
358.58330863	0.55102730
359.08330859	0.52300690
359.58330856	0.55102730
360.08330852	0.55102730
360.58330849	0.56037770
361.08330845	0.54170770
361.58330842	0.55102730
362.08330838	0.56037770
362.58330835	0.55102730
363.08330832	0.56037770
363.58330828	0.56037770
364.08330825	0.56037770
364.58330821	0.54170770
365.08330818	0.55102730
365.58330814	0.56037770
366.08330811	0.56037770
366.58330807	0.56037770
367.08330804	0.56037770
367.58330801	0.55102730
368.08330797	0.56037770
368.58330794	0.56037770
369.08330790	0.56037770
369.58330787	0.56037770
370.08330783	0.56037770
370.58330780	0.56037770
371.08330776	0.56037770
371.58330773	0.56972810
372.08330769	0.55102730
372.58330766	0.56037770
373.08330763	0.56972810
373.58330759	0.56037770
374.08330756	0.56037770
374.58330752	0.57904770
375.08330749	0.56037770
375.58330745	0.56037770
376.08330742	0.56037770
376.58330738	0.56972810
377.08330735	0.56972810
377.58330732	0.56972810
378.08330728	0.56972810
378.58330725	0.56972810
379.08330721	0.56972810
379.58330718	0.56972810
380.08330714	0.56972810
380.58330711	0.56972810
381.08330707	0.57904770
381.58330704	0.57904770
382.08330701	0.56972810
382.58330697	0.56972810
383.08330694	0.56972810
383.58330690	0.57904770
384.08330687	0.57904770
384.58330683	0.57904770
385.08330680	0.57904770
385.58330676	0.57904770
386.08330673	0.58839810
386.58330670	0.58839810
387.08330666	0.57904770
387.58330663	0.57904770
388.08330659	0.57904770
388.58330656	0.57904770
389.08330652	0.57904770
389.58330649	0.57904770
390.08330645	0.56972810
390.58330642	0.57904770
391.08330639	0.58839810
391.58330635	0.57904770
392.08330632	0.58839810
392.58330628	0.58839810
393.08330625	0.57904770
393.58330621	0.58839810
394.08330618	0.58839810
394.58330614	0.56972810
395.08330611	0.58839810
395.58330608	0.58839810
396.08330604	0.58839810
396.58330601	0.58839810
397.08330597	0.59774850
397.58330594	0.58839810
398.08330590	0.58839810
398.58330587	0.58839810
399.08330583	0.58839810
399.58330580	0.58839810
400.08330577	0.63508860
400.58330573	0.59774850
401.08330570	0.58839810
401.58330566	0.58839810
402.08330563	0.59774850
402.58330559	0.59774850
403.08330556	0.58839810
403.58330552	0.59774850
404.08330549	0.59774850
404.58330546	0.60706820
405.08330542	0.59774850
405.58330539	0.59774850
406.08330535	0.60706820
406.58330532	0.59774850
407.08330528	0.60706820
407.58330525	0.59774850
408.08330521	0.60706820
408.58330518	0.60706820
409.08330515	0.59774850
409.58330511	0.60706820
410.08330508	0.61641850
410.58330504	0.60706820
411.08330501	0.60706820
411.58330497	0.60706820
412.08330494	0.60706820
412.58330490	0.60706820
413.08330487	0.60706820
413.58330483	0.60706820
414.08330480	0.60706820
414.58330477	0.60706820
415.08330473	0.60706820
415.58330470	0.60706820
416.08330466	0.61641850
416.58330463	0.60706820
417.08330459	0.61641850
417.58330456	0.61641850
418.08330452	0.61641850
418.58330449	0.61641850
419.08330446	0.61641850
419.58330442	0.61641850
420.08330439	0.61641850
420.58330435	0.61641850
421.08330432	0.61641850
421.58330428	0.61641850
422.08330425	0.62573820
422.58330421	0.62573820
423.08330418	0.62573820
423.58330415	0.62573820
424.08330411	0.61641850
424.58330408	0.62573820
425.08330404	0.61641850
425.58330401	0.61641850
426.08330397	0.62573820
426.58330394	0.61641850
427.08330390	0.62573820
427.58330387	0.62573820
428.08330384	0.63508860
428.58330380	0.62573820
429.08330377	0.62573820
429.58330373	0.60706820
430.08330370	0.63508860
430.58330366	0.62573820
431.08330363	0.63508860
431.58330359	0.63508860
432.08330356	0.62573820
432.58330353	0.61641850
433.08330349	0.62573820
433.58330346	0.62573820
434.08330342	0.63508860
434.58330339	0.63508860
435.08330335	0.62573820
435.58330332	0.63508860
436.08330328	0.63508860
436.58330325	0.65375860
437.08330322	0.63508860
437.58330318	0.64443900
438.08330315	0.63508860
438.58330311	0.63508860
439.08330308	0.64443900
439.58330304	0.63508860
440.08330301	0.63508860
440.58330297	0.63508860
441.08330294	0.65375860
441.58330291	0.63508860
442.08330287	0.64443900
442.58330284	0.65375860
443.08330280	0.64443900
443.58330277	0.64443900
444.08330273	0.64443900
444.58330270	0.65375860
445.08330266	0.64443900
445.58330263	0.64443900
446.08330260	0.64443900
446.58330256	0.65375860
447.08330253	0.64443900
447.58330249	0.64443900
448.08330246	0.66310900
448.58330242	0.65375860
449.08330239	0.65375860
449.58330235	0.65375860
450.08330232	0.65375860
450.58330228	0.65375860
451.08330225	0.64443900
451.58330222	0.65375860
452.08330218	0.65375860
452.58330215	0.65375860
453.08330211	0.65375860
453.58330208	0.66310900
454.08330204	0.66310900
454.58330201	0.65375860
455.08330197	0.65375860
455.58330194	0.66310900
456.08330191	0.65375860
456.58330187	0.65375860
457.08330184	0.65375860
457.58330180	0.67245940
458.08330177	0.66310900
458.58330173	0.64443900
459.08330170	0.66310900
459.58330166	0.66310900
460.08330163	0.66310900
460.58330160	0.67245940
461.08330156	0.67245940
461.58330153	0.66310900
462.08330149	0.67245940
462.58330146	0.66310900
463.08330142	0.67245940
463.58330139	0.67245940
464.08330135	0.66310900
464.58330132	0.67245940
465.08330129	0.67245940
465.58330125	0.66310900
466.08330122	0.66310900
466.58330118	0.67245940
467.08330115	0.68177900
467.58330111	0.68177900
468.08330108	0.67245940
468.58330104	0.67245940
469.08330101	0.67245940
469.58330098	0.67245940
470.08330094	0.67245940
470.58330091	0.70047980
471.08330087	0.68177900
471.58330084	0.68177900
472.08330080	0.68177900
472.58330077	0.68177900
473.08330073	0.68177900
473.58330070	0.68177900
474.08330067	0.67245940
474.58330063	0.68177900
475.08330060	0.69112940
475.58330056	0.68177900
476.08330053	0.69112940
476.58330049	0.69112940
477.08330046	0.68177900
477.58330042	0.69112940
478.08330039	0.69112940
478.58330036	0.70047980
479.08330032	0.68177900
479.58330029	0.69112940
480.08330025	0.69112940
480.58330022	0.69112940
481.08330018	0.69112940
481.58330015	0.70047980
482.08330011	0.69112940
482.58330008	0.69112940
483.08330005	0.68177900
483.58330001	0.70047980
484.08329998	0.69112940
484.58329994	0.70047980
485.08329991	0.70047980
485.58329987	0.70047980
486.08329984	0.70047980
486.58329980	0.70047980
487.08329977	0.70047980
487.58329973	0.70047980
488.08329970	0.68177900
488.58329967	0.70047980
489.08329963	0.70979950
489.58329960	0.70047980
490.08329956	0.70047980
490.58329953	0.70047980
491.08329949	0.70047980
491.58329946	0.70979950
492.08329942	0.70047980
492.58329939	0.70979950
493.08329936	0.70979950
493.58329932	0.70047980
494.08329929	0.70047980
494.58329925	0.70979950
495.08329922	0.71914980
495.58329918	0.70047980
496.08329915	0.70979950
496.58329911	0.70979950
497.08329908	0.70979950
497.58329905	0.68177900
498.08329901	0.70979950
498.58329898	0.70979950
499.08329894	0.69112940
499.58329891	0.70979950
500.08329887	0.70979950
500.58329884	0.71914980
501.08329880	0.71914980
501.58329877	0.71914980
502.08329874	0.71914980
502.58329870	0.70979950
503.08329867	0.70979950
503.58329863	0.71914980
504.08329860	0.71914980
504.58329856	0.71914980
505.08329853	0.71914980
505.58329849	0.71914980
506.08329846	0.71914980
506.58329843	0.72850020
507.08329839	0.72850020
507.58329836	0.71914980
508.08329832	0.72850020
508.58329829	0.72850020
509.08329825	0.72850020
509.58329822	0.73781990
510.08329818	0.72850020
510.58329815	0.72850020
511.08329812	0.72850020
511.58329808	0.73781990
512.08329805	0.81256150
512.58329801	0.73781990
513.08329798	0.73781990
513.58329794	0.38290480
514.08329791	0.73781990
514.58329787	0.73781990
515.08329784	0.72850020
515.58329781	0.72850020
516.08329777	0.73781990
516.58329774	0.73781990
517.08329770	0.73781990
517.58329767	0.73781990
518.08329763	0.73781990
518.58329760	0.73781990
519.08329756	0.73781990
519.58329753	0.74717030
520.08329750	0.74717030
520.58329746	0.74717030
521.08329743	0.74717030
521.58329739	0.74717030
522.08329736	0.73781990
522.58329732	0.74717030
523.08329729	0.74717030
523.58329725	0.74717030
524.08329722	0.74717030
524.58329719	0.74717030
525.08329715	0.75652070
525.58329712	0.73781990
526.08329708	0.75652070
526.58329705	0.75652070
527.08329701	0.75652070
527.58329698	0.75652070
528.08329694	0.73781990
528.58329691	0.75652070
529.08329687	0.75652070
529.58329684	0.75652070
530.08329681	0.75652070
530.58329677	0.75652070
531.08329674	0.70979950
531.58329670	0.76584030
532.08329667	0.75652070
532.58329663	0.76584030
533.08329660	0.76584030
533.58329656	0.76584030
534.08329653	0.76584030
534.58329650	0.75652070
535.08329646	0.75652070
535.58329643	0.76584030
536.08329639	0.76584030
536.58329636	0.76584030
537.08329632	0.77519070
537.58329629	0.76584030
538.08329625	0.77519070
538.58329622	0.76584030
539.08329619	0.76584030
539.58329615	0.76584030
540.08329612	0.77519070
540.58329608	0.77519070
541.08329605	0.78454110
541.58329601	0.76584030
542.08329598	0.77519070
542.58329594	0.77519070
543.08329591	0.77519070
543.58329588	0.77519070
544.08329584	0.77519070
544.58329581	0.77519070
545.08329577	0.77519070
545.58329574	0.77519070
546.08329570	0.78454110
546.58329567	0.77519070
547.08329563	0.78454110
547.58329560	0.78454110
548.08329557	0.77519070
548.58329553	0.78454110
549.08329550	0.79386070
549.58329546	0.78454110
550.08329543	0.78454110
550.58329539	0.78454110
551.08329536	0.79386070
551.58329532	0.79386070
552.08329529	0.78454110
552.58329526	0.75652070
553.08329522	0.79386070
553.58329519	0.79386070
554.08329515	0.79386070
554.58329512	0.79386070
555.08329508	0.77519070
555.58329505	0.78454110
556.08329501	0.78454110
556.58329498	0.79386070
557.08329495	0.79386070
557.58329491	0.80321110
558.08329488	0.79386070
558.58329484	0.79386070
559.08329481	0.80321110
559.58329477	0.79386070
560.08329474	0.82188120
560.58329470	0.79386070
561.08329467	0.80321110
561.58329464	0.78454110
562.08329460	0.80321110
562.58329457	0.79386070
563.08329453	0.80321110
563.58329450	0.80321110
564.08329446	0.80321110
564.58329443	0.80321110
565.08329439	0.81256150
565.58329436	0.80321110
566.08329432	0.80321110
566.58329429	0.81256150
567.08329426	0.81256150
567.58329422	0.74717030
568.08329419	0.81256150
568.58329415	0.81256150
569.08329412	0.80321110
569.58329408	0.81256150
570.08329405	0.81256150
570.58329401	0.84058200
571.08329398	0.81256150
571.58329395	0.81256150
572.08329391	0.81256150
572.58329388	0.83123150
573.08329384	0.81256150
573.58329381	0.82188120
574.08329377	0.82188120
574.58329374	0.82188120
575.08329370	0.82188120
575.58329367	0.82188120
576.08329364	0.82188120
576.58329360	0.82188120
577.08329357	0.82188120
577.58329353	0.83123150
578.08329350	0.00931964
578.58329346	0.00000000
579.08329343	0.00000000
579.58329339	0.83123150
580.08329336	0.83123150
580.58329333	0.06536048
581.08329329	0.00931964
581.58329326	0.00931964
582.08329322	0.01867003
582.58329319	0.01867003
583.08329315	0.84058200
583.58329312	0.83123150
584.08329308	0.83123150
584.58329305	0.83123150
585.08329302	0.83123150
585.58329298	0.83123150
586.08329295	0.84058200
586.58329291	0.84058200
587.08329288	0.42027560
587.58329284	0.00931964
588.08329281	0.00931964
588.58329277	-0.00931964
589.08329274	-0.00931964
589.58329271	0.82188120
590.08329267	0.84058200
590.58329264	0.84990160
591.08329260	0.13075170
591.58329257	0.00000000
592.08329253	-0.00931964
592.58329250	-0.02798967
593.08329246	-0.01867003
593.58329243	-0.01867003
594.08329240	-0.00931964
594.58329236	-0.02798967
595.08329233	-0.00931964
595.58329229	-0.01867003
596.08329226	-0.02798967
596.58329222	-0.00931964
597.08329219	0.00000000
597.58329215	-0.01867003
598.08329212	0.00931964
598.58329209	0.00931964
599.08329205	0.00000000
599.58329202	0.00931964
600.08329198	0.00000000
600.58329195	0.01867003
601.08329191	0.00931964
601.58329188	0.00931964
602.08329184	0.00931964
602.58329181	0.00931964
603.08329177	0.01867003
603.58329174	0.01867003
604.08329171	0.00931964
604.58329167	0.00931964
605.08329164	0.00931964
605.58329160	0.01867003
606.08329157	0.01867003
606.58329153	0.00000000
607.08329150	0.00931964
607.58329146	0.00931964
608.08329143	0.00000000
608.58329140	-0.00931964
609.08329136	0.00000000
609.58329133	-0.00931964
610.08329129	0.00000000
610.58329126	-0.01867003
611.08329122	-0.00931964
611.58329119	-0.02798967
612.08329115	-0.00931964
612.58329112	-0.00931964
613.08329109	-0.01867003
613.58329105	-0.00931964
614.08329102	0.00000000
614.58329098	-0.00931964
615.08329095	-0.00931964
615.58329091	-0.01867003
616.08329088	-0.01867003
616.58329084	0.00000000
617.08329081	0.00000000
617.58329078	0.00000000
