-383.89997354	0.00931964
-383.39997357	0.00931964
-382.89997361	0.22413260
-382.39997364	0.22413260
-381.89997368	0.22413260
-381.39997371	0.27085380
-380.89997374	0.22413260
-380.39997378	0.23348300
-379.89997381	0.22413260
-379.39997385	0.22413260
-378.89997388	0.22413260
-378.39997392	0.22413260
-377.89997395	0.23348300
-377.39997399	0.24283340
-376.89997402	0.23348300
-376.39997405	0.22413260
-375.89997409	0.22413260
-375.39997412	0.23348300
-374.89997416	0.22413260
-374.39997419	0.22413260
-373.89997423	0.22413260
-373.39997426	0.22413260
-372.89997430	0.23348300
-372.39997433	0.22413260
-371.89997437	0.23348300
-371.39997440	0.22413260
-370.89997443	0.22413260
-370.39997447	0.23348300
-369.89997450	0.22413260
-369.39997454	0.23348300
-368.89997457	0.22413260
-368.39997461	0.22413260
-367.89997464	0.22413260
-367.39997468	0.22413260
-366.89997471	0.22413260
-366.39997474	0.22413260
-365.89997478	0.22413260
-365.39997481	0.22413260
-364.89997485	0.23348300
-364.39997488	0.22413260
-363.89997492	0.23348300
-363.39997495	0.22413260
-362.89997499	0.23348300
-362.39997502	0.23348300
-361.89997505	0.22413260
-361.39997509	0.23348300
-360.89997512	0.22413260
-360.39997516	0.22413260
-359.89997519	0.22413260
-359.39997523	0.24283340
-358.89997526	0.23348300
-358.39997530	0.23348300
-357.89997533	0.23348300
-357.39997536	0.23348300
-356.89997540	0.23348300
-356.39997543	0.23348300
-355.89997547	0.22413260
-355.39997550	0.23348300
-354.89997554	0.22413260
-354.39997557	0.23348300
-353.89997561	0.23348300
-353.39997564	0.22413260
-352.89997567	0.22413260
-352.39997571	0.23348300
-351.89997574	0.23348300
-351.39997578	0.22413260
-350.89997581	0.23348300
-350.39997585	0.22413260
-349.89997588	0.23348300
-349.39997592	0.23348300
-348.89997595	0.22413260
-348.39997598	0.22413260
-347.89997602	0.22413260
-347.39997605	0.22413260
-346.89997609	0.22413260
-346.39997612	0.23348300
-345.89997616	0.23348300
-345.39997619	0.23348300
-344.89997623	0.22413260
-344.39997626	0.23348300
-343.89997629	0.22413260
-343.39997633	0.23348300
-342.89997636	0.24283340
-342.39997640	0.22413260
-341.89997643	0.23348300
-341.39997647	0.23348300
-340.89997650	0.23348300
-340.39997654	0.22413260
-339.89997657	0.22413260
-339.39997660	0.23348300
-338.89997664	0.23348300
-338.39997667	0.22413260
-337.89997671	0.25215300
-337.39997674	0.22413260
-336.89997678	0.23348300
-336.39997681	0.23348300
-335.89997685	0.22413260
-335.39997688	0.23348300
-334.89997692	0.22413260
-334.39997695	0.23348300
-333.89997698	0.22413260
-333.39997702	0.22413260
-332.89997705	0.21481300
-332.39997709	0.22413260
-331.89997712	0.23348300
-331.39997716	0.23348300
-330.89997719	0.23348300
-330.39997723	0.22413260
-329.89997726	0.22413260
-329.39997729	0.22413260
-328.89997733	0.22413260
-328.39997736	0.19611220
-327.89997740	0.22413260
-327.39997743	0.22413260
-326.89997747	0.22413260
-326.39997750	0.22413260
-325.89997754	0.22413260
-325.39997757	0.22413260
-324.89997760	0.22413260
-324.39997764	0.22413260
-323.89997767	0.22413260
-323.39997771	0.22413260
-322.89997774	0.23348300
-322.39997778	0.22413260
-321.89997781	0.22413260
-321.39997785	0.22413260
-320.89997788	0.23348300
-320.39997791	0.22413260
-319.89997795	0.22413260
-319.39997798	0.22413260
-318.89997802	0.22413260
-318.39997805	0.23348300
-317.89997809	0.25215300
-317.39997812	0.23348300
-316.89997816	0.22413260
-316.39997819	0.22413260
-315.89997822	0.22413260
-315.39997826	0.22413260
-314.89997829	0.23348300
-314.39997833	0.22413260
-313.89997836	0.23348300
-313.39997840	0.21481300
-312.89997843	0.23348300
-312.39997847	0.23348300
-311.89997850	0.22413260
-311.39997853	0.23348300
-310.89997857	0.21481300
-310.39997860	0.22413260
-309.89997864	0.22413260
-309.39997867	0.23348300
-308.89997871	0.22413260
-308.39997874	0.22413260
-307.89997878	0.23348300
-307.39997881	0.22413260
-306.89997884	0.23348300
-306.39997888	0.23348300
-305.89997891	0.22413260
-305.39997895	0.22413260
-304.89997898	0.23348300
-304.39997902	0.23348300
-303.89997905	0.22413260
-303.39997909	0.23348300
-302.89997912	0.23348300
-302.39997915	0.22413260
-301.89997919	0.23348300
-301.39997922	0.23348300
-300.89997926	0.22413260
-300.39997929	0.22413260
-299.89997933	0.23348300
-299.39997936	0.23348300
-298.89997940	0.23348300
-298.39997943	0.22413260
-297.89997947	0.23348300
-297.39997950	0.22413260
-296.89997953	0.22413260
-296.39997957	0.23348300
-295.89997960	0.23348300
-295.39997964	0.22413260
-294.89997967	0.23348300
-294.39997971	0.23348300
-293.89997974	0.22413260
-293.39997978	0.22413260
-292.89997981	0.21481300
-292.39997984	0.22413260
-291.89997988	0.23348300
-291.39997991	0.23348300
-290.89997995	0.22413260
-290.39997998	0.23348300
-289.89998002	0.22413260
-289.39998005	0.22413260
-288.89998009	0.23348300
-288.39998012	0.22413260
-287.89998015	0.23348300
-287.39998019	0.22413260
-286.89998022	0.22413260
-286.39998026	0.22413260
-285.89998029	0.23348300
-285.39998033	0.23348300
-284.89998036	0.22413260
-284.39998040	0.22413260
-283.89998043	0.22413260
-283.39998046	0.22413260
-282.89998050	0.22413260
-282.39998053	0.23348300
-281.89998057	0.23348300
-281.39998060	0.22413260
-280.89998064	0.23348300
-280.39998067	0.22413260
-279.89998071	0.22413260
-279.39998074	0.25215300
-278.89998077	0.22413260
-278.39998081	0.22413260
-277.89998084	0.22413260
-277.39998088	0.23348300
-276.89998091	0.22413260
-276.39998095	0.22413260
-275.89998098	0.23348300
-275.39998102	0.23348300
-274.89998105	0.22413260
-274.39998108	0.23348300
-273.89998112	0.22413260
-273.39998115	0.23348300
-272.89998119	0.21481300
-272.39998122	0.22413260
-271.89998126	0.22413260
-271.39998129	0.22413260
-270.89998133	0.23348300
-270.39998136	0.23348300
-269.89998139	0.22413260
-269.39998143	0.22413260
-268.89998146	0.22413260
-268.39998150	0.22413260
-267.89998153	0.22413260
-267.39998157	0.22413260
-266.89998160	0.23348300
-266.39998164	0.22413260
-265.89998167	0.22413260
-265.39998170	0.22413260
-264.89998174	0.22413260
-264.39998177	0.22413260
-263.89998181	0.22413260
-263.39998184	0.23348300
-262.89998188	0.21481300
-262.39998191	0.22413260
-261.89998195	0.22413260
-261.39998198	0.22413260
-260.89998201	0.23348300
-260.39998205	0.22413260
-259.89998208	0.22413260
-259.39998212	0.22413260
-258.89998215	0.22413260
-258.39998219	0.22413260
-257.89998222	0.22413260
-257.39998226	0.22413260
-256.89998229	0.23348300
-256.39998233	0.22413260
-255.89998236	0.23348300
-255.39998239	0.22413260
-254.89998243	0.23348300
-254.39998246	0.22413260
-253.89998250	0.22413260
-253.39998253	0.22413260
-252.89998257	0.23348300
-252.39998260	0.23348300
-251.89998264	0.22413260
-251.39998267	0.22413260
-250.89998270	0.23348300
-250.39998274	0.22413260
-249.89998277	0.23348300
-249.39998281	0.23348300
-248.89998284	0.23348300
-248.39998288	0.22413260
-247.89998291	0.22413260
-247.39998295	0.22413260
-246.89998298	0.23348300
-246.39998301	0.22413260
-245.89998305	0.22413260
-245.39998308	0.22413260
-244.89998312	0.23348300
-244.39998315	0.22413260
-243.89998319	0.23348300
-243.39998322	0.22413260
-242.89998326	0.22413260
-242.39998329	0.22413260
-241.89998332	0.22413260
-241.39998336	0.23348300
-240.89998339	0.23348300
-240.39998343	0.22413260
-239.89998346	0.23348300
-239.39998350	0.23348300
-238.89998353	0.22413260
-238.39998357	0.22413260
-237.89998360	0.22413260
-237.39998363	0.22413260
-236.89998367	0.23348300
-236.39998370	0.23348300
-235.89998374	0.22413260
-235.39998377	0.22413260
-234.89998381	0.22413260
-234.39998384	0.23348300
-233.89998388	0.22413260
-233.39998391	0.22413260
-232.89998394	0.23348300
-232.39998398	0.22413260
-231.89998401	0.22413260
-231.39998405	0.22413260
-230.89998408	0.22413260
-230.39998412	0.24283340
-229.89998415	0.22413260
-229.39998419	0.23348300
-228.89998422	0.22413260
-228.39998425	0.23348300
-227.89998429	0.23348300
-227.39998432	0.23348300
-226.89998436	0.22413260
-226.39998439	0.23348300
-225.89998443	0.22413260
-225.39998446	0.22413260
-224.89998450	0.23348300
-224.39998453	0.22413260
-223.89998456	0.23348300
-223.39998460	0.22413260
-222.89998463	0.22413260
-222.39998467	0.21481300
-221.89998470	0.22413260
-221.39998474	0.23348300
-220.89998477	0.22413260
-220.39998481	0.23348300
-219.89998484	0.23348300
-219.39998488	0.22413260
-218.89998491	0.22413260
-218.39998494	0.23348300
-217.89998498	0.23348300
-217.39998501	0.23348300
-216.89998505	0.23348300
-216.39998508	0.22413260
-215.89998512	0.23348300
-215.39998515	0.22413260
-214.89998519	0.22413260
-214.39998522	0.23348300
-213.89998525	0.23348300
-213.39998529	0.23348300
-212.89998532	0.22413260
-212.39998536	0.22413260
-211.89998539	0.22413260
-211.39998543	0.22413260
-210.89998546	0.22413260
-210.39998550	0.22413260
-209.89998553	0.23348300
-209.39998556	0.23348300
-208.89998560	0.22413260
-208.39998563	0.22413260
-207.89998567	0.21481300
-207.39998570	0.23348300
-206.89998574	0.22413260
-206.39998577	0.22413260
-205.89998581	0.22413260
-205.39998584	0.23348300
-204.89998587	0.21481300
-204.39998591	0.23348300
-203.89998594	0.22413260
-203.39998598	0.23348300
-202.89998601	0.23348300
-202.39998605	0.23348300
-201.89998608	0.22413260
-201.39998612	0.22413260
-200.89998615	0.22413260
-200.39998618	0.23348300
-199.89998622	0.22413260
-199.39998625	0.22413260
-198.89998629	0.22413260
-198.39998632	0.23348300
-197.89998636	0.22413260
-197.39998639	0.22413260
-196.89998643	0.23348300
-196.39998646	0.22413260
-195.89998649	0.22413260
-195.39998653	0.23348300
-194.89998656	0.23348300
-194.39998660	0.22413260
-193.89998663	0.22413260
-193.39998667	0.22413260
-192.89998670	0.22413260
-192.39998674	0.22413260
-191.89998677	0.23348300
-191.39998680	0.22413260
-190.89998684	0.22413260
-190.39998687	0.23348300
-189.89998691	0.23348300
-189.39998694	0.23348300
-188.89998698	0.24283340
-188.39998701	0.22413260
-187.89998705	0.22413260
-187.39998708	0.22413260
-186.89998711	0.23348300
-186.39998715	0.23348300
-185.89998718	0.22413260
-185.39998722	0.22413260
-184.89998725	0.22413260
-184.39998729	0.22413260
-183.89998732	0.22413260
-183.39998736	0.23348300
-182.89998739	0.22413260
-182.39998743	0.23348300
-181.89998746	0.22413260
-181.39998749	0.23348300
-180.89998753	0.22413260
-180.39998756	0.22413260
-179.89998760	0.28017350
-179.39998763	0.22413260
-178.89998767	0.22413260
-178.39998770	0.22413260
-177.89998774	0.23348300
-177.39998777	0.22413260
-176.89998780	0.23348300
-176.39998784	0.22413260
-175.89998787	0.22413260
-175.39998791	0.23348300
-174.89998794	0.22413260
-174.39998798	0.22413260
-173.89998801	0.22413260
-173.39998805	0.22413260
-172.89998808	0.23348300
-172.39998811	0.23348300
-171.89998815	0.22413260
-171.39998818	0.23348300
-170.89998822	0.23348300
-170.39998825	0.23348300
-169.89998829	0.22413260
-169.39998832	0.21481300
-168.89998836	0.22413260
-168.39998839	0.23348300
-167.89998842	0.23348300
-167.39998846	0.24283340
-166.89998849	0.23348300
-166.39998853	0.19611220
-165.89998856	0.23348300
-165.39998860	0.23348300
-164.89998863	0.21481300
-164.39998867	0.23348300
-163.89998870	0.22413260
-163.39998873	0.23348300
-162.89998877	0.22413260
-162.39998880	0.23348300
-161.89998884	0.21481300
-161.39998887	0.22413260
-160.89998891	0.22413260
-160.39998894	0.23348300
-159.89998898	0.22413260
-159.39998901	0.22413260
-158.89998904	0.22413260
-158.39998908	0.22413260
-157.89998911	0.23348300
-157.39998915	0.23348300
-156.89998918	0.22413260
-156.39998922	0.23348300
-155.89998925	0.23348300
-155.39998929	0.23348300
-154.89998932	0.22413260
-154.39998935	0.23348300
-153.89998939	0.23348300
-153.39998942	0.23348300
-152.89998946	0.23348300
-152.39998949	0.22413260
-151.89998953	0.23348300
-151.39998956	0.22413260
-150.89998960	0.22413260
-150.39998963	0.22413260
-149.89998966	0.22413260
-149.39998970	0.23348300
-148.89998973	0.22413260
-148.39998977	0.22413260
-147.89998980	0.22413260
-147.39998984	0.22413260
-146.89998987	0.22413260
-146.39998991	0.22413260
-145.89998994	0.23348300
-145.39998997	0.23348300
-144.89999001	0.23348300
-144.39999004	0.23348300
-143.89999008	0.23348300
-143.39999011	0.22413260
-142.89999015	0.23348300
-142.39999018	0.23348300
-141.89999022	0.23348300
-141.39999025	0.22413260
-140.89999029	0.22413260
-140.39999032	0.23348300
-139.89999035	0.23348300
-139.39999039	0.22413260
-138.89999042	0.24283340
-138.39999046	0.25215300
-137.89999049	0.22413260
-137.39999053	0.22413260
-136.89999056	0.24283340
-136.39999060	0.23348300
-135.89999063	0.23348300
-135.39999066	0.22413260
-134.89999070	0.23348300
-134.39999073	0.23348300
-133.89999077	0.22413260
-133.39999080	0.22413260
-132.89999084	0.24283340
-132.39999087	0.22413260
-131.89999091	0.23348300
-131.39999094	0.23348300
-130.89999097	0.18679260
-130.39999101	0.23348300
-129.89999104	0.23348300
-129.39999108	0.23348300
-128.89999111	0.22413260
-128.39999115	0.23348300
-127.89999118	0.22413260
-127.39999122	0.23348300
-126.89999125	0.23348300
-126.39999128	0.22413260
-125.89999132	0.23348300
-125.39999135	0.23348300
-124.89999139	0.22413260
-124.39999142	0.23348300
-123.89999146	0.23348300
-123.39999149	0.23348300
-122.89999153	0.22413260
-122.39999156	0.23348300
-121.89999159	0.24283340
-121.39999163	0.23348300
-120.89999166	0.23348300
-120.39999170	0.23348300
-119.89999173	0.23348300
-119.39999177	0.23348300
-118.89999180	0.23348300
-118.39999184	0.23348300
-117.89999187	0.22413260
-117.39999190	0.25215300
-116.89999194	0.23348300
-116.39999197	0.23348300
-115.89999201	0.22413260
-115.39999204	0.23348300
-114.89999208	0.23348300
-114.39999211	0.23348300
-113.89999215	0.23348300
-113.39999218	0.23348300
-112.89999221	0.19611220
-112.39999225	0.22413260
-111.89999228	0.23348300
-111.39999232	0.23348300
-110.89999235	0.23348300
-110.39999239	0.23348300
-109.89999242	0.23348300
-109.39999246	0.22413260
-108.89999249	0.23348300
-108.39999252	0.23348300
-107.89999256	0.23348300
-107.39999259	0.23348300
-106.89999263	0.23348300
-106.39999266	0.22413260
-105.89999270	0.23348300
-105.39999273	0.24283340
-104.89999277	0.23348300
-104.39999280	0.23348300
-103.89999284	0.22413260
-103.39999287	0.23348300
-102.89999290	0.23348300
-102.39999294	0.23348300
-101.89999297	0.23348300
-101.39999301	0.23348300
-100.89999304	0.23348300
-100.39999308	0.23348300
-99.89999311	0.23348300
-99.39999315	0.23348300
-98.89999318	0.24283340
-98.39999321	0.23348300
-97.89999325	0.23348300
-97.39999328	0.24283340
-96.89999332	0.23348300
-96.39999335	0.23348300
-95.89999339	0.23348300
-95.39999342	0.23348300
-94.89999346	0.24283340
-94.39999349	0.23348300
-93.89999352	0.23348300
-93.39999356	0.23348300
-92.89999359	0.23348300
-92.39999363	0.23348300
-91.89999366	0.23348300
-91.39999370	0.23348300
-90.89999373	0.23348300
-90.39999377	0.24283340
-89.89999380	0.24283340
-89.39999383	0.22413260
-88.89999387	0.24283340
-88.39999390	0.23348300
-87.89999394	0.23348300
-87.39999397	0.23348300
-86.89999401	0.23348300
-86.39999404	0.23348300
-85.89999408	0.23348300
-85.39999411	0.23348300
-84.89999414	0.23348300
-84.39999418	0.24283340
-83.89999421	0.24283340
-83.39999425	0.24283340
-82.89999428	0.23348300
-82.39999432	0.24283340
-81.89999435	0.24283340
-81.39999439	0.24283340
-80.89999442	0.23348300
-80.39999445	0.24283340
-79.89999449	0.24283340
-79.39999452	0.24283340
-78.89999456	0.23348300
-78.39999459	0.23348300
-77.89999463	0.23348300
-77.39999466	0.23348300
-76.89999470	0.24283340
-76.39999473	0.24283340
-75.89999476	0.23348300
-75.39999480	0.24283340
-74.89999483	0.24283340
-74.39999487	0.24283340
-73.89999490	0.24283340
-73.39999494	0.23348300
-72.89999497	0.23348300
-72.39999501	0.24283340
-71.89999504	0.24283340
-71.39999507	0.26150350
-70.89999511	0.24283340
-70.39999514	0.24283340
-69.89999518	0.23348300
-69.39999521	0.23348300
-68.89999525	0.24283340
-68.39999528	0.27085380
-67.89999532	0.25215300
-67.39999535	0.24283340
-66.89999539	0.26150350
-66.39999542	0.24283340
-65.89999545	0.25215300
-65.39999549	0.24283340
-64.89999552	0.23348300
-64.39999556	0.24283340
-63.89999559	0.25215300
-63.39999563	0.24283340
-62.89999566	0.24283340
-62.39999570	0.24283340
-61.89999573	0.25215300
-61.39999576	0.23348300
-60.89999580	0.24283340
-60.39999583	0.24283340
-59.89999587	0.24283340
-59.39999590	0.24283340
-58.89999594	0.26150350
-58.39999597	0.24283340
-57.89999601	0.24283340
-57.39999604	0.22413260
-56.89999607	0.24283340
-56.39999611	0.26150350
-55.89999614	0.24283340
-55.39999618	0.24283340
-54.89999621	0.24283340
-54.39999625	0.24283340
-53.89999628	0.23348300
-53.39999632	0.24283340
-52.89999635	0.24283340
-52.39999638	0.24283340
-51.89999642	0.24283340
-51.39999645	0.25215300
-50.89999649	0.24283340
-50.39999652	0.24283340
-49.89999656	0.25215300
-49.39999659	0.24283340
-48.89999663	0.24283340
-48.39999666	0.25215300
-47.89999669	0.24283340
-47.39999673	0.24283340
-46.89999676	0.24283340
-46.39999680	0.24283340
-45.89999683	0.24283340
-45.39999687	0.25215300
-44.89999690	0.24283340
-44.39999694	0.25215300
-43.89999697	0.25215300
-43.39999700	0.24283340
-42.89999704	0.24283340
-42.39999707	0.25215300
-41.89999711	0.25215300
-41.39999714	0.24283340
-40.89999718	0.25215300
-40.39999721	0.25215300
-39.89999725	0.24283340
-39.39999728	0.25215300
-38.89999731	0.24283340
-38.39999735	0.24283340
-37.89999738	0.24283340
-37.39999742	0.25215300
-36.89999745	0.25215300
-36.39999749	0.24283340
-35.89999752	0.24283340
-35.39999756	0.25215300
-34.89999759	0.24283340
-34.39999762	0.25215300
-33.89999766	0.24283340
-33.39999769	0.25215300
-32.89999773	0.25215300
-32.39999776	0.25215300
-31.89999780	0.25215300
-31.39999783	0.25215300
-30.89999787	0.25215300
-30.39999790	0.25215300
-29.89999793	0.23348300
-29.39999797	0.25215300
-28.89999800	0.25215300
-28.39999804	0.25215300
-27.89999807	0.25215300
-27.39999811	0.26150350
-26.89999814	0.25215300
-26.39999818	0.25215300
-25.89999821	0.25215300
-25.39999825	0.25215300
-24.89999828	0.25215300
-24.39999831	0.25215300
-23.89999835	0.26150350
-23.39999838	0.25215300
-22.89999842	0.25215300
-22.39999845	0.25215300
-21.89999849	0.25215300
-21.39999852	0.26150350
-20.89999856	0.25215300
-20.39999859	0.25215300
-19.89999862	0.25215300
-19.39999866	0.26150350
-18.89999869	0.25215300
-18.39999873	0.25215300
-17.89999876	0.25215300
-17.39999880	0.25215300
-16.89999883	0.26150350
-16.39999887	0.23348300
-15.89999890	0.26150350
-15.39999893	0.25215300
-14.89999897	0.25215300
-14.39999900	0.25215300
-13.89999904	0.26150350
-13.39999907	0.26150350
-12.89999911	0.25215300
-12.39999914	0.26150350
-11.89999918	0.26150350
-11.39999921	0.26150350
-10.89999924	0.26150350
-10.39999928	0.26150350
-9.89999931	0.26150350
-9.39999935	0.26150350
-8.89999938	0.30819390
-8.39999942	0.26150350
-7.89999945	0.26150350
-7.39999949	0.25215300
-6.89999952	0.25215300
-6.39999955	0.26150350
-5.89999959	0.26150350
-5.39999962	0.26150350
-4.89999966	0.26150350
-4.39999969	0.26150350
-3.89999973	0.26150350
-3.39999976	0.26150350
-2.89999980	0.26150350
-2.39999983	0.26150350
-1.89999986	0.26150350
-1.39999990	0.26150350
-0.89999993	0.26150350
-0.39999997	0.25215300
0.10000000	0.34556470
0.59999996	0.26150350
1.09999993	0.26150350
1.59999989	0.26150350
2.09999986	0.26150350
2.59999983	0.27085380
3.09999979	0.26150350
3.59999976	0.26150350
4.09999972	0.26150350
4.59999969	0.27085380
5.09999965	0.26150350
5.59999962	0.26150350
6.09999958	0.27085380
6.59999955	0.27085380
7.09999952	0.25215300
7.59999948	0.26150350
8.09999945	0.27085380
8.59999941	0.26150350
9.09999938	0.26150350
9.59999934	0.27085380
10.09999931	0.27085380
10.59999927	0.26150350
11.09999924	0.27085380
11.59999920	0.27085380
12.09999917	0.27085380
12.59999914	0.27085380
13.09999910	0.24283340
13.59999907	0.27085380
14.09999903	0.26150350
14.59999900	0.27085380
15.09999896	0.26150350
15.59999893	0.28017350
16.09999889	0.26150350
16.59999886	0.26150350
17.09999883	0.26150350
17.59999879	0.27085380
18.09999876	0.26150350
18.59999872	0.27085380
19.09999869	0.27085380
19.59999865	0.26150350
20.09999862	0.27085380
20.59999858	0.27085380
21.09999855	0.27085380
21.59999852	0.27085380
22.09999848	0.28017350
22.59999845	0.27085380
23.09999841	0.27085380
23.59999838	0.27085380
24.09999834	0.25215300
24.59999831	0.28017350
25.09999827	0.27085380
25.59999824	0.26150350
26.09999821	0.27085380
26.59999817	0.27085380
27.09999814	0.27085380
27.59999810	0.27085380
28.09999807	0.28017350
28.59999803	0.27085380
29.09999800	0.27085380
29.59999796	0.27085380
30.09999793	0.27085380
30.59999790	0.27085380
31.09999786	0.28017350
31.59999783	0.27085380
32.09999779	0.27085380
32.59999776	0.28017350
33.09999772	0.27085380
33.59999769	0.28017350
34.09999765	0.27085380
34.59999762	0.30819390
35.09999759	0.27085380
35.59999755	0.28017350
36.09999752	0.26150350
36.59999748	0.28017350
37.09999745	0.27085380
37.59999741	0.31754430
38.09999738	0.27085380
38.59999734	0.28952390
39.09999731	0.28017350
39.59999728	0.27085380
40.09999724	0.28017350
40.59999721	0.28017350
41.09999717	0.27085380
41.59999714	0.28017350
42.09999710	0.28017350
42.59999707	0.28017350
43.09999703	0.28017350
43.59999700	0.28952390
44.09999697	0.28017350
44.59999693	0.28017350
45.09999690	0.23348300
45.59999686	0.28017350
46.09999683	0.28017350
46.59999679	0.28017350
47.09999676	0.28017350
47.59999672	0.28017350
48.09999669	0.28017350
48.59999665	0.28952390
49.09999662	0.28017350
49.59999659	0.28017350
50.09999655	0.28017350
50.59999652	0.28952390
51.09999648	0.28017350
51.59999645	0.28952390
52.09999641	0.28952390
52.59999638	0.28017350
53.09999634	0.28952390
53.59999631	0.28952390
54.09999628	0.28952390
54.59999624	0.28017350
55.09999621	0.29887430
55.59999617	0.28952390
56.09999614	0.28017350
56.59999610	0.28952390
57.09999607	0.28952390
57.59999603	0.28952390
58.09999600	0.28952390
58.59999597	0.28952390
59.09999593	0.29887430
59.59999590	0.22413260
60.09999586	0.30819390
60.59999583	0.28952390
61.09999579	0.28952390
61.59999576	0.29887430
62.09999572	0.29887430
62.59999569	0.28952390
63.09999566	0.28017350
63.59999562	0.28952390
64.09999559	0.28952390
64.59999555	0.28952390
65.09999552	0.29887430
65.59999548	0.28952390
66.09999545	0.28952390
66.59999541	0.28952390
67.09999538	0.29887430
67.59999535	0.28952390
68.09999531	0.30819390
68.59999528	0.28952390
69.09999524	0.29887430
69.59999521	0.28952390
70.09999517	0.28952390
70.59999514	0.28952390
71.09999510	0.28952390
71.59999507	0.28952390
72.09999504	0.29887430
72.59999500	0.28952390
73.09999497	0.29887430
73.59999493	0.29887430
74.09999490	0.28952390
74.59999486	0.29887430
75.09999483	0.29887430
75.59999479	0.29887430
76.09999476	0.28952390
76.59999473	0.29887430
77.09999469	0.29887430
77.59999466	0.29887430
78.09999462	0.28952390
78.59999459	0.29887430
79.09999455	0.29887430
79.59999452	0.29887430
80.09999448	0.29887430
80.59999445	0.29887430
81.09999442	0.29887430
81.59999438	0.28017350
82.09999435	0.31754430
82.59999431	0.29887430
83.09999428	0.29887430
83.59999424	0.29887430
84.09999421	0.29887430
84.59999417	0.30819390
85.09999414	0.29887430
85.59999410	0.29887430
86.09999407	0.30819390
86.59999404	0.30819390
87.09999400	0.29887430
87.59999397	0.30819390
88.09999393	0.28952390
88.59999390	0.30819390
89.09999386	0.30819390
89.59999383	0.30819390
90.09999379	0.29887430
90.59999376	0.29887430
91.09999373	0.29887430
91.59999369	0.30819390
92.09999366	0.30819390
92.59999362	0.30819390
93.09999359	0.31754430
93.59999355	0.31754430
94.09999352	0.30819390
94.59999348	0.29887430
95.09999345	0.30819390
95.59999342	0.30819390
96.09999338	0.30819390
96.59999335	0.30819390
97.09999331	0.30819390
97.59999328	0.30819390
98.09999324	0.30819390
98.59999321	0.30819390
99.09999317	0.30819390
99.59999314	0.30819390
100.09999311	0.31754430
100.59999307	0.30819390
101.09999304	0.31754430
101.59999300	0.32686390
102.09999297	0.30819390
102.59999293	0.31754430
103.09999290	0.30819390
103.59999286	0.30819390
104.09999283	0.30819390
104.59999280	0.31754430
105.09999276	0.31754430
105.59999273	0.30819390
106.09999269	0.30819390
106.59999266	0.31754430
107.09999262	0.31754430
107.59999259	0.30819390
108.09999255	0.30819390
108.59999252	0.31754430
109.09999249	0.30819390
109.59999245	0.31754430
110.09999242	0.34556470
110.59999238	0.31754430
111.09999235	0.31754430
111.59999231	0.33621430
112.09999228	0.31754430
112.59999224	0.31754430
113.09999221	0.31754430
113.59999218	0.31754430
114.09999214	0.31754430
114.59999211	0.31754430
115.09999207	0.31754430
115.59999204	0.32686390
116.09999200	0.31754430
116.59999197	0.32686390
117.09999193	0.30819390
117.59999190	0.31754430
118.09999187	0.31754430
118.59999183	0.31754430
119.09999180	0.31754430
119.59999176	0.32686390
120.09999173	0.31754430
120.59999169	0.32686390
121.09999166	0.31754430
121.59999162	0.32686390
122.09999159	0.31754430
122.59999156	0.31754430
123.09999152	0.30819390
123.59999149	0.33621430
124.09999145	0.31754430
124.59999142	0.32686390
125.09999138	0.34556470
125.59999135	0.32686390
126.09999131	0.31754430
126.59999128	0.32686390
127.09999124	0.32686390
127.59999121	0.31754430
128.09999118	0.32686390
128.59999114	0.31754430
129.09999111	0.32686390
129.59999107	0.32686390
130.09999104	0.32686390
130.59999100	0.32686390
131.09999097	0.33621430
131.59999093	0.32686390
132.09999090	0.32686390
132.59999087	0.32686390
133.09999083	0.32686390
133.59999080	0.32686390
134.09999076	0.32686390
134.59999073	0.32686390
135.09999069	0.32686390
135.59999066	0.34556470
136.09999062	0.32686390
136.59999059	0.33621430
137.09999056	0.32686390
137.59999052	0.33621430
138.09999049	0.33621430
138.59999045	0.33621430
139.09999042	0.32686390
139.59999038	0.32686390
140.09999035	0.34556470
140.59999031	0.33621430
141.09999028	0.32686390
141.59999025	0.33621430
142.09999021	0.32686390
142.59999018	0.33621430
143.09999014	0.33621430
143.59999011	0.33621430
144.09999007	0.33621430
144.59999004	0.33621430
145.09999000	0.33621430
145.59998997	0.33621430
146.09998994	0.33621430
146.59998990	0.33621430
147.09998987	0.33621430
147.59998983	0.34556470
148.09998980	0.34556470
148.59998976	0.32686390
149.09998973	0.34556470
149.59998969	0.33621430
150.09998966	0.36423470
150.59998963	0.34556470
151.09998959	0.34556470
151.59998956	0.33621430
152.09998952	0.34556470
152.59998949	0.33621430
153.09998945	0.34556470
153.59998942	0.34556470
154.09998938	0.34556470
154.59998935	0.34556470
155.09998932	0.34556470
155.59998928	0.34556470
156.09998925	0.34556470
156.59998921	0.35488440
157.09998918	0.34556470
157.59998914	0.34556470
158.09998911	0.34556470
158.59998907	0.34556470
159.09998904	0.39225520
159.59998901	0.34556470
160.09998897	0.34556470
160.59998894	0.34556470
161.09998890	0.35488440
161.59998887	0.35488440
162.09998883	0.34556470
162.59998880	0.34556470
163.09998876	0.34556470
163.59998873	0.34556470
164.09998869	0.37358510
164.59998866	0.34556470
165.09998863	0.35488440
165.59998859	0.35488440
166.09998856	0.35488440
166.59998852	0.34556470
167.09998849	0.35488440
167.59998845	0.35488440
168.09998842	0.35488440
168.59998838	0.35488440
169.09998835	0.35488440
169.59998832	0.36423470
170.09998828	0.35488440
170.59998825	0.35488440
171.09998821	0.38290480
171.59998818	0.34556470
172.09998814	0.36423470
172.59998811	0.33621430
173.09998807	0.35488440
173.59998804	0.35488440
174.09998801	0.36423470
174.59998797	0.36423470
175.09998794	0.37358510
175.59998790	0.35488440
176.09998787	0.35488440
176.59998783	0.35488440
177.09998780	0.36423470
177.59998776	0.36423470
178.09998773	0.35488440
178.59998770	0.35488440
179.09998766	0.36423470
179.59998763	0.35488440
180.09998759	0.36423470
180.59998756	0.36423470
181.09998752	0.36423470
181.59998749	0.35488440
182.09998745	0.36423470
182.59998742	0.36423470
183.09998739	0.36423470
183.59998735	0.36423470
184.09998732	0.36423470
184.59998728	0.36423470
185.09998725	0.36423470
185.59998721	0.36423470
186.09998718	0.36423470
186.59998714	0.36423470
187.09998711	0.36423470
187.59998708	0.37358510
188.09998704	0.36423470
188.59998701	0.37358510
189.09998697	0.36423470
189.59998694	0.36423470
190.09998690	0.37358510
190.59998687	0.36423470
191.09998683	0.37358510
191.59998680	0.37358510
192.09998677	0.37358510
192.59998673	0.37358510
193.09998670	0.36423470
193.59998666	0.37358510
194.09998663	0.37358510
194.59998659	0.37358510
195.09998656	0.37358510
195.59998652	0.37358510
196.09998649	0.37358510
196.59998646	0.37358510
197.09998642	0.37358510
197.59998639	0.37358510
198.09998635	0.37358510
198.59998632	0.38290480
199.09998628	0.30819390
199.59998625	0.37358510
200.09998621	0.38290480
200.59998618	0.37358510
201.09998614	0.37358510
201.59998611	0.37358510
202.09998608	0.39225520
202.59998604	0.37358510
203.09998601	0.38290480
203.59998597	0.38290480
204.09998594	0.37358510
204.59998590	0.38290480
205.09998587	0.37358510
205.59998583	0.38290480
206.09998580	0.38290480
206.59998577	0.39225520
207.09998573	0.38290480
207.59998570	0.38290480
208.09998566	0.38290480
208.59998563	0.38290480
209.09998559	0.38290480
209.59998556	0.38290480
210.09998552	0.38290480
210.59998549	0.39225520
211.09998546	0.38290480
211.59998542	0.39225520
212.09998539	0.38290480
212.59998535	0.35488440
213.09998532	0.38290480
213.59998528	0.38290480
214.09998525	0.38290480
214.59998521	0.38290480
215.09998518	0.39225520
215.59998515	0.39225520
216.09998511	0.39225520
216.59998508	0.39225520
217.09998504	0.39225520
217.59998501	0.39225520
218.09998497	0.38290480
218.59998494	0.41092520
219.09998490	0.36423470
219.59998487	0.39225520
220.09998484	0.39225520
220.59998480	0.39225520
221.09998477	0.39225520
221.59998473	0.39225520
222.09998470	0.40160550
222.59998466	0.40160550
223.09998463	0.40160550
223.59998459	0.40160550
224.09998456	0.40160550
224.59998453	0.39225520
225.09998449	0.39225520
225.59998446	0.39225520
226.09998442	0.39225520
226.59998439	0.40160550
227.09998435	0.39225520
227.59998432	0.40160550
228.09998428	0.40160550
228.59998425	0.40160550
229.09998422	0.40160550
229.59998418	0.40160550
230.09998415	0.40160550
230.59998411	0.40160550
231.09998408	0.40160550
231.59998404	0.41092520
232.09998401	0.41092520
232.59998397	0.40160550
233.09998394	0.42027560
233.59998391	0.40160550
234.09998387	0.41092520
234.59998384	0.41092520
235.09998380	0.41092520
235.59998377	0.40160550
236.09998373	0.41092520
236.59998370	0.41092520
237.09998366	0.41092520
237.59998363	0.41092520
238.09998360	0.41092520
238.59998356	0.41092520
239.09998353	0.40160550
239.59998349	0.40160550
240.09998346	0.41092520
240.59998342	0.41092520
241.09998339	0.41092520
241.59998335	0.41092520
242.09998332	0.41092520
242.59998328	0.41092520
243.09998325	0.41092520
243.59998322	0.41092520
244.09998318	0.41092520
244.59998315	0.42027560
245.09998311	0.42027560
245.59998308	0.41092520
246.09998304	0.41092520
246.59998301	0.42027560
247.09998297	0.42027560
247.59998294	0.42027560
248.09998291	0.42027560
248.59998287	0.40160550
249.09998284	0.42027560
249.59998280	0.41092520
250.09998277	0.42962600
250.59998273	0.42027560
251.09998270	0.42027560
251.59998266	0.41092520
252.09998263	0.42962600
252.59998260	0.42027560
253.09998256	0.42027560
253.59998253	0.42027560
254.09998249	0.42027560
254.59998246	0.42027560
255.09998242	0.42027560
255.59998239	0.42962600
256.09998235	0.42962600
256.59998232	0.42027560
257.09998229	0.42962600
257.59998225	0.42027560
258.09998222	0.42962600
258.59998218	0.42962600
259.09998215	0.42962600
259.59998211	0.42027560
260.09998208	0.42962600
260.59998204	0.42962600
261.09998201	0.42962600
261.59998198	0.42962600
262.09998194	0.42962600
262.59998191	0.42962600
263.09998187	0.43894560
263.59998184	0.42962600
264.09998180	0.42962600
264.59998177	0.42962600
265.09998173	0.42962600
265.59998170	0.43894560
266.09998167	0.42962600
266.59998163	0.43894560
267.09998160	0.43894560
267.59998156	0.42962600
268.09998153	0.42962600
268.59998149	0.43894560
269.09998146	0.43894560
269.59998142	0.42962600
270.09998139	0.43894560
270.59998136	0.44829600
271.09998132	0.42962600
271.59998129	0.43894560
272.09998125	0.43894560
272.59998122	0.43894560
273.09998118	0.43894560
273.59998115	0.43894560
274.09998111	0.45764640
274.59998108	0.44829600
275.09998105	0.43894560
275.59998101	0.44829600
276.09998098	0.44829600
276.59998094	0.45764640
277.09998091	0.44829600
277.59998087	0.43894560
278.09998084	0.44829600
278.59998080	0.44829600
279.09998077	0.42027560
279.59998073	0.44829600
280.09998070	0.43894560
280.59998067	0.43894560
281.09998063	0.44829600
281.59998060	0.44829600
282.09998056	0.45764640
282.59998053	0.44829600
283.09998049	0.45764640
283.59998046	0.44829600
284.09998042	0.45764640
284.59998039	0.44829600
285.09998036	0.44829600
285.59998032	0.44829600
286.09998029	0.44829600
286.59998025	0.45764640
287.09998022	0.45764640
287.59998018	0.45764640
288.09998015	0.44829600
288.59998011	0.45764640
289.09998008	0.45764640
289.59998005	0.45764640
290.09998001	0.44829600
290.59997998	0.44829600
291.09997994	0.45764640
291.59997991	0.45764640
292.09997987	0.46696600
292.59997984	0.46696600
293.09997980	0.45764640
293.59997977	0.45764640
294.09997974	0.45764640
294.59997970	0.46696600
295.09997967	0.45764640
295.59997963	0.42027560
296.09997960	0.46696600
296.59997956	0.46696600
297.09997953	0.46696600
297.59997949	0.45764640
298.09997946	0.45764640
298.59997943	0.46696600
299.09997939	0.45764640
299.59997936	0.45764640
300.09997932	0.46696600
300.59997929	0.45764640
301.09997925	0.47631640
301.59997922	0.46696600
302.09997918	0.46696600
302.59997915	0.47631640
303.09997912	0.48566680
303.59997908	0.49498650
304.09997905	0.46696600
304.59997901	0.47631640
305.09997898	0.45764640
305.59997894	0.46696600
306.09997891	0.47631640
306.59997887	0.47631640
307.09997884	0.48566680
307.59997881	0.47631640
308.09997877	0.46696600
308.59997874	0.47631640
309.09997870	0.47631640
309.59997867	0.47631640
310.09997863	0.48566680
310.59997860	0.47631640
311.09997856	0.47631640
311.59997853	0.47631640
312.09997850	0.47631640
312.59997846	0.47631640
313.09997843	0.48566680
313.59997839	0.47631640
314.09997836	0.48566680
314.59997832	0.47631640
315.09997829	0.48566680
315.59997825	0.48566680
316.09997822	0.47631640
316.59997818	0.48566680
317.09997815	0.47631640
317.59997812	0.48566680
318.09997808	0.48566680
318.59997805	0.48566680
319.09997801	0.48566680
319.59997798	0.48566680
320.09997794	0.48566680
320.59997791	0.48566680
321.09997787	0.48566680
321.59997784	0.48566680
322.09997781	0.47631640
322.59997777	0.49498650
323.09997774	0.48566680
323.59997770	0.48566680
324.09997767	0.48566680
324.59997763	0.48566680
325.09997760	0.49498650
325.59997756	0.48566680
326.09997753	0.49498650
326.59997750	0.49498650
327.09997746	0.49498650
327.59997743	0.49498650
328.09997739	0.50433680
328.59997736	0.50433680
329.09997732	0.50433680
329.59997729	0.50433680
330.09997725	0.49498650
330.59997722	0.49498650
331.09997719	0.48566680
331.59997715	0.50433680
332.09997712	0.49498650
332.59997708	0.49498650
333.09997705	0.49498650
333.59997701	0.50433680
334.09997698	0.50433680
334.59997694	0.49498650
335.09997691	0.50433680
335.59997688	0.50433680
336.09997684	0.51368730
336.59997681	0.50433680
337.09997677	0.49498650
337.59997674	0.50433680
338.09997670	0.51368730
338.59997667	0.46696600
339.09997663	0.50433680
339.59997660	0.50433680
340.09997657	0.50433680
340.59997653	0.51368730
341.09997650	0.50433680
341.59997646	0.51368730
342.09997643	0.50433680
342.59997639	0.50433680
343.09997636	0.51368730
343.59997632	0.52300690
344.09997629	0.51368730
344.59997626	0.50433680
345.09997622	0.51368730
345.59997619	0.51368730
346.09997615	0.49498650
346.59997612	0.50433680
347.09997608	0.52300690
347.59997605	0.52300690
348.09997601	0.51368730
348.59997598	0.52300690
349.09997595	0.51368730
349.59997591	0.51368730
350.09997588	0.51368730
350.59997584	0.51368730
351.09997581	0.51368730
351.59997577	0.52300690
352.09997574	0.52300690
352.59997570	0.52300690
353.09997567	0.52300690
353.59997564	0.52300690
354.09997560	0.53235730
354.59997557	0.53235730
355.09997553	0.52300690
355.59997550	0.51368730
356.09997546	0.52300690
356.59997543	0.52300690
357.09997539	0.53235730
357.59997536	0.52300690
358.09997532	0.53235730
358.59997529	0.51368730
359.09997526	0.52300690
359.59997522	0.52300690
360.09997519	0.53235730
360.59997515	0.56037770
361.09997512	0.53235730
361.59997508	0.52300690
362.09997505	0.53235730
362.59997501	0.53235730
363.09997498	0.54170770
363.59997495	0.53235730
364.09997491	0.53235730
364.59997488	0.53235730
365.09997484	0.53235730
365.59997481	0.53235730
366.09997477	0.54170770
366.59997474	0.54170770
367.09997470	0.54170770
367.59997467	0.54170770
368.09997464	0.55102730
368.59997460	0.54170770
369.09997457	0.54170770
369.59997453	0.54170770
370.09997450	0.54170770
370.59997446	0.54170770
371.09997443	0.54170770
371.59997439	0.54170770
372.09997436	0.54170770
372.59997433	0.55102730
373.09997429	0.55102730
373.59997426	0.55102730
374.09997422	0.54170770
374.59997419	0.54170770
375.09997415	0.54170770
375.59997412	0.55102730
376.09997408	0.54170770
376.59997405	0.54170770
377.09997402	0.55102730
377.59997398	0.54170770
378.09997395	0.55102730
378.59997391	0.55102730
379.09997388	0.55102730
379.59997384	0.55102730
380.09997381	0.55102730
380.59997377	0.55102730
381.09997374	0.55102730
381.59997371	0.55102730
382.09997367	0.55102730
382.59997364	0.56037770
383.09997360	0.56037770
383.59997357	0.55102730
384.09997353	0.55102730
384.59997350	0.56037770
385.09997346	0.56037770
385.59997343	0.56037770
386.09997340	0.56037770
386.59997336	0.56037770
387.09997333	0.56037770
387.59997329	0.56037770
388.09997326	0.56972810
388.59997322	0.56037770
389.09997319	0.56037770
389.59997315	0.56037770
390.09997312	0.56972810
390.59997309	0.56037770
391.09997305	0.56972810
391.59997302	0.54170770
392.09997298	0.56972810
392.59997295	0.56972810
393.09997291	0.56972810
393.59997288	0.56972810
394.09997284	0.56037770
394.59997281	0.56972810
395.09997277	0.56972810
395.59997274	0.56972810
396.09997271	0.56972810
396.59997267	0.56972810
397.09997264	0.57904770
397.59997260	0.56972810
398.09997257	0.56972810
398.59997253	0.57904770
399.09997250	0.57904770
399.59997246	0.59774850
400.09997243	0.56972810
400.59997240	0.57904770
401.09997236	0.57904770
401.59997233	0.57904770
402.09997229	0.57904770
402.59997226	0.56972810
403.09997222	0.57904770
403.59997219	0.56037770
404.09997215	0.57904770
404.59997212	0.57904770
405.09997209	0.58839810
405.59997205	0.57904770
406.09997202	0.57904770
406.59997198	0.59774850
407.09997195	0.58839810
407.59997191	0.58839810
408.09997188	0.58839810
408.59997184	0.58839810
409.09997181	0.58839810
409.59997178	0.58839810
410.09997174	0.58839810
410.59997171	0.58839810
411.09997167	0.59774850
411.59997164	0.58839810
412.09997160	0.59774850
412.59997157	0.58839810
413.09997153	0.58839810
413.59997150	0.58839810
414.09997147	0.58839810
414.59997143	0.58839810
415.09997140	0.59774850
415.59997136	0.59774850
416.09997133	0.59774850
416.59997129	0.59774850
417.09997126	0.59774850
417.59997122	0.59774850
418.09997119	0.59774850
418.59997116	0.59774850
419.09997112	0.60706820
419.59997109	0.59774850
420.09997105	0.59774850
420.59997102	0.59774850
421.09997098	0.60706820
421.59997095	0.59774850
422.09997091	0.61641850
422.59997088	0.60706820
423.09997085	0.61641850
423.59997081	0.59774850
424.09997078	0.60706820
424.59997074	0.60706820
425.09997071	0.60706820
425.59997067	0.61641850
426.09997064	0.60706820
426.59997060	0.60706820
427.09997057	0.61641850
427.59997054	0.60706820
428.09997050	0.60706820
428.59997047	0.61641850
429.09997043	0.62573820
429.59997040	0.60706820
430.09997036	0.61641850
430.59997033	0.61641850
431.09997029	0.61641850
431.59997026	0.60706820
432.09997022	0.60706820
432.59997019	0.60706820
433.09997016	0.57904770
433.59997012	0.61641850
434.09997009	0.61641850
434.59997005	0.61641850
435.09997002	0.61641850
435.59996998	0.62573820
436.09996995	0.62573820
436.59996991	0.61641850
437.09996988	0.61641850
437.59996985	0.62573820
438.09996981	0.63508860
438.59996978	0.63508860
439.09996974	0.62573820
439.59996971	0.63508860
440.09996967	0.62573820
440.59996964	0.63508860
441.09996960	0.62573820
441.59996957	0.62573820
442.09996954	0.63508860
442.59996950	0.62573820
443.09996947	0.63508860
443.59996943	0.62573820
444.09996940	0.62573820
444.59996936	0.63508860
445.09996933	0.63508860
445.59996929	0.62573820
446.09996926	0.63508860
446.59996923	0.63508860
447.09996919	0.63508860
447.59996916	0.62573820
448.09996912	0.64443900
448.59996909	0.62573820
449.09996905	0.64443900
449.59996902	0.63508860
450.09996898	0.64443900
450.59996895	0.64443900
451.09996892	0.64443900
451.59996888	0.64443900
452.09996885	0.63508860
452.59996881	0.64443900
453.09996878	0.63508860
453.59996874	0.64443900
454.09996871	0.65375860
454.59996867	0.62573820
455.09996864	0.64443900
455.59996861	0.64443900
456.09996857	0.64443900
456.59996854	0.64443900
457.09996850	0.64443900
457.59996847	0.65375860
458.09996843	0.64443900
458.59996840	0.64443900
459.09996836	0.64443900
459.59996833	0.65375860
460.09996830	0.64443900
460.59996826	0.65375860
461.09996823	0.64443900
461.59996819	0.65375860
462.09996816	0.66310900
462.59996812	0.65375860
463.09996809	0.65375860
463.59996805	0.66310900
464.09996802	0.66310900
464.59996799	0.66310900
465.09996795	0.66310900
465.59996792	0.66310900
466.09996788	0.66310900
466.59996785	0.65375860
467.09996781	0.65375860
467.59996778	0.66310900
468.09996774	0.66310900
468.59996771	0.67245940
469.09996767	0.66310900
469.59996764	0.67245940
470.09996761	0.67245940
470.59996757	0.66310900
471.09996754	0.66310900
471.59996750	0.67245940
472.09996747	0.66310900
472.59996743	0.66310900
473.09996740	0.68177900
473.59996736	0.67245940
474.09996733	0.66310900
474.59996730	0.70979950
475.09996726	0.68177900
475.59996723	0.67245940
476.09996719	0.72850020
476.59996716	0.67245940
477.09996712	0.67245940
477.59996709	0.67245940
478.09996705	0.70047980
478.59996702	0.68177900
479.09996699	0.68177900
479.59996695	0.67245940
480.09996692	0.68177900
480.59996688	0.67245940
481.09996685	0.67245940
481.59996681	0.68177900
482.09996678	0.68177900
482.59996674	0.68177900
483.09996671	0.69112940
483.59996668	0.67245940
484.09996664	0.65375860
484.59996661	0.69112940
485.09996657	0.69112940
485.59996654	0.69112940
486.09996650	0.69112940
486.59996647	0.68177900
487.09996643	0.69112940
487.59996640	0.68177900
488.09996637	0.69112940
488.59996633	0.69112940
489.09996630	0.68177900
489.59996626	0.70047980
490.09996623	0.69112940
490.59996619	0.69112940
491.09996616	0.69112940
491.59996612	0.70047980
492.09996609	0.69112940
492.59996606	0.69112940
493.09996602	0.70047980
493.59996599	0.70047980
494.09996595	0.70047980
494.59996592	0.70047980
495.09996588	0.70047980
495.59996585	0.70047980
496.09996581	0.70979950
496.59996578	0.70979950
497.09996575	0.70047980
497.59996571	0.70047980
498.09996568	0.70979950
498.59996564	0.70047980
499.09996561	0.70047980
499.59996557	0.70979950
500.09996554	0.70047980
500.59996550	0.70979950
501.09996547	0.70979950
501.59996544	0.70979950
502.09996540	0.70979950
502.59996537	0.70979950
503.09996533	0.70979950
503.59996530	0.71914980
504.09996526	0.70979950
504.59996523	0.70979950
505.09996519	0.71914980
505.59996516	0.70979950
506.09996513	0.71914980
506.59996509	0.71914980
507.09996506	0.71914980
507.59996502	0.71914980
508.09996499	0.71914980
508.59996495	0.71914980
509.09996492	0.71914980
509.59996488	0.72850020
510.09996485	0.71914980
510.59996481	0.72850020
511.09996478	0.72850020
511.59996475	0.72850020
512.09996471	0.71914980
512.59996468	0.72850020
513.09996464	0.72850020
513.59996461	0.72850020
514.09996457	0.72850020
514.59996454	0.71914980
515.09996450	0.73781990
515.59996447	0.72850020
516.09996444	0.72850020
516.59996440	0.72850020
517.09996437	0.73781990
517.59996433	0.73781990
518.09996430	0.08403051
518.59996426	0.03734006
519.09996423	0.72850020
519.59996419	0.73781990
520.09996416	0.73781990
520.59996413	0.73781990
521.09996409	0.74717030
521.59996406	0.73781990
522.09996402	0.73781990
522.59996399	0.74717030
523.09996395	0.74717030
523.59996392	0.72850020
524.09996388	0.73781990
524.59996385	0.74717030
525.09996382	0.74717030
525.59996378	0.74717030
526.09996375	0.74717030
526.59996371	0.74717030
527.09996368	0.75652070
527.59996364	0.75652070
528.09996361	0.73781990
528.59996357	0.74717030
529.09996354	0.75652070
529.59996351	0.74717030
530.09996347	0.75652070
530.59996344	0.74717030
531.09996340	0.75652070
531.59996337	0.75652070
532.09996333	0.75652070
532.59996330	0.74717030
533.09996326	0.76584030
533.59996323	0.75652070
534.09996320	0.75652070
534.59996316	0.75652070
535.09996313	0.76584030
535.59996309	0.84058200
536.09996306	0.77519070
536.59996302	0.76584030
537.09996299	0.75652070
537.59996295	0.76584030
538.09996292	0.76584030
538.59996289	0.76584030
539.09996285	0.77519070
539.59996282	0.76584030
540.09996278	0.76584030
540.59996275	0.77519070
541.09996271	0.76584030
541.59996268	0.77519070
542.09996264	0.77519070
542.59996261	0.76584030
543.09996258	0.77519070
543.59996254	0.76584030
544.09996251	0.77519070
544.59996247	0.77519070
545.09996244	0.77519070
545.59996240	0.77519070
546.09996237	0.78454110
546.59996233	0.77519070
547.09996230	0.77519070
547.59996226	0.78454110
548.09996223	0.77519070
548.59996220	0.78454110
549.09996216	0.78454110
549.59996213	0.77519070
550.09996209	0.78454110
550.59996206	0.78454110
551.09996202	0.78454110
551.59996199	0.79386070
552.09996195	0.78454110
552.59996192	0.78454110
553.09996189	0.78454110
553.59996185	0.81256150
554.09996182	0.79386070
554.59996178	0.79386070
555.09996175	0.78454110
555.59996171	0.79386070
556.09996168	0.79386070
556.59996164	0.79386070
557.09996161	0.79386070
557.59996158	0.79386070
558.09996154	0.79386070
558.59996151	0.79386070
559.09996147	0.80321110
559.59996144	0.79386070
560.09996140	0.79386070
560.59996137	0.80321110
561.09996133	0.80321110
561.59996130	0.80321110
562.09996127	0.80321110
562.59996123	0.80321110
563.09996120	0.80321110
563.59996116	0.80321110
564.09996113	0.79386070
564.59996109	0.81256150
565.09996106	0.80321110
565.59996102	0.80321110
566.09996099	0.81256150
566.59996096	0.80321110
567.09996092	0.81256150
567.59996089	0.81256150
568.09996085	0.80321110
568.59996082	0.80321110
569.09996078	0.80321110
569.59996075	0.81256150
570.09996071	0.81256150
570.59996068	0.81256150
571.09996065	0.82188120
571.59996061	0.82188120
572.09996058	0.81256150
572.59996054	0.81256150
573.09996051	0.81256150
573.59996047	0.82188120
574.09996044	0.81256150
574.59996040	0.82188120
575.09996037	0.82188120
575.59996034	0.82188120
576.09996030	0.83123150
576.59996027	0.83123150
577.09996023	0.02798967
577.59996020	0.01867003
578.09996016	0.02798967
578.59996013	0.82188120
579.09996009	0.83123150
579.59996006	0.83123150
580.09996003	0.02798967
580.59995999	0.01867003
581.09995996	0.01867003
581.59995992	0.83123150
582.09995989	0.83123150
582.59995985	0.83123150
583.09995982	0.83123150
583.59995978	0.00931964
584.09995975	0.84058200
584.59995971	0.84058200
585.09995968	0.84058200
585.59995965	0.84990160
586.09995961	0.84058200
586.59995958	0.84058200
587.09995954	0.84058200
587.59995951	0.84058200
588.09995947	0.84058200
588.59995944	0.84058200
589.09995940	0.84990160
589.59995937	0.84990160
590.09995934	0.84058200
590.59995930	0.84990160
591.09995927	0.84058200
591.59995923	0.84990160
592.09995920	0.00000000
592.59995916	0.00000000
593.09995913	0.00000000
593.59995909	0.00000000
594.09995906	0.00000000
594.59995903	0.01867003
595.09995899	0.00931964
595.59995896	0.00000000
596.09995892	0.00931964
596.59995889	0.01867003
597.09995885	0.00931964
597.59995882	0.00931964
598.09995878	0.02798967
598.59995875	0.00931964
599.09995872	0.00000000
599.59995868	0.00931964
600.09995865	0.01867003
600.59995861	0.01867003
601.09995858	0.00931964
601.59995854	0.00000000
602.09995851	0.00000000
602.59995847	0.00931964
603.09995844	0.00000000
603.59995841	0.00000000
604.09995837	-0.00931964
604.59995834	0.00000000
605.09995830	0.00931964
605.59995827	-0.00931964
606.09995823	-0.00931964
606.59995820	-0.00931964
607.09995816	-0.01867003
607.59995813	-0.00931964
608.09995810	-0.00931964
608.59995806	-0.00931964
609.09995803	-0.00931964
609.59995799	-0.00931964
610.09995796	-0.01867003
610.59995792	-0.01867003
611.09995789	-0.01867003
611.59995785	0.00000000
612.09995782	-0.01867003
612.59995779	-0.01867003
613.09995775	0.00000000
613.59995772	0.00000000
614.09995768	0.00000000
614.59995765	-0.00931964
615.09995761	0.00931964
615.59995758	0.00931964
616.09995754	0.00931964
616.59995751	0.00931964
617.09995748	0.01867003
617.59995744	0.01867003
