-383.89997354	0.22413260
-383.39997357	0.21481300
-382.89997361	0.22413260
-382.39997364	0.22413260
-381.89997368	0.20546260
-381.39997371	0.21481300
-380.89997374	0.21481300
-380.39997378	0.21481300
-379.89997381	0.21481300
-379.39997385	0.21481300
-378.89997388	0.20546260
-378.39997392	0.20546260
-377.89997395	0.21481300
-377.39997399	0.21481300
-376.89997402	0.21481300
-376.39997405	0.21481300
-375.89997409	0.21481300
-375.39997412	0.21481300
-374.89997416	0.21481300
-374.39997419	0.20546260
-373.89997423	0.21481300
-373.39997426	0.21481300
-372.89997430	0.21481300
-372.39997433	0.22413260
-371.89997437	0.20546260
-371.39997440	0.21481300
-370.89997443	0.21481300
-370.39997447	0.21481300
-369.89997450	0.21481300
-369.39997454	0.21481300
-368.89997457	0.21481300
-368.39997461	0.21481300
-367.89997464	0.21481300
-367.39997468	0.21481300
-366.89997471	0.22413260
-366.39997474	0.21481300
-365.89997478	0.21481300
-365.39997481	0.21481300
-364.89997485	0.21481300
-364.39997488	0.22413260
-363.89997492	0.21481300
-363.39997495	0.21481300
-362.89997499	0.21481300
-362.39997502	0.21481300
-361.89997505	0.21481300
-361.39997509	0.18679260
-360.89997512	0.21481300
-360.39997516	0.21481300
-359.89997519	0.21481300
-359.39997523	0.22413260
-358.89997526	0.21481300
-358.39997530	0.21481300
-357.89997533	0.20546260
-357.39997536	0.21481300
-356.89997540	0.20546260
-356.39997543	0.21481300
-355.89997547	0.21481300
-355.39997550	0.21481300
-354.89997554	0.22413260
-354.39997557	0.21481300
-353.89997561	0.21481300
-353.39997564	0.21481300
-352.89997567	0.20546260
-352.39997571	0.21481300
-351.89997574	0.21481300
-351.39997578	0.22413260
-350.89997581	0.21481300
-350.39997585	0.21481300
-349.89997588	0.21481300
-349.39997592	0.22413260
-348.89997595	0.21481300
-348.39997598	0.21481300
-347.89997602	0.21481300
-347.39997605	0.21481300
-346.89997609	0.21481300
-346.39997612	0.21481300
-345.89997616	0.21481300
-345.39997619	0.21481300
-344.89997623	0.21481300
-344.39997626	0.22413260
-343.89997629	0.21481300
-343.39997633	0.21481300
-342.89997636	0.21481300
-342.39997640	0.20546260
-341.89997643	0.21481300
-341.39997647	0.21481300
-340.89997650	0.22413260
-340.39997654	0.21481300
-339.89997657	0.22413260
-339.39997660	0.22413260
-338.89997664	0.21481300
-338.39997667	0.21481300
-337.89997671	0.21481300
-337.39997674	0.21481300
-336.89997678	0.21481300
-336.39997681	0.21481300
-335.89997685	0.22413260
-335.39997688	0.21481300
-334.89997692	0.21481300
-334.39997695	0.21481300
-333.89997698	0.22413260
-333.39997702	0.21481300
-332.89997705	0.21481300
-332.39997709	0.21481300
-331.89997712	0.21481300
-331.39997716	0.21481300
-330.89997719	0.21481300
-330.39997723	0.22413260
-329.89997726	0.22413260
-329.39997729	0.21481300
-328.89997733	0.21481300
-328.39997736	0.21481300
-327.89997740	0.21481300
-327.39997743	0.21481300
-326.89997747	0.21481300
-326.39997750	0.21481300
-325.89997754	0.22413260
-325.39997757	0.21481300
-324.89997760	0.21481300
-324.39997764	0.23348300
-323.89997767	0.21481300
-323.39997771	0.21481300
-322.89997774	0.21481300
-322.39997778	0.21481300
-321.89997781	0.21481300
-321.39997785	0.20546260
-320.89997788	0.21481300
-320.39997791	0.21481300
-319.89997795	0.22413260
-319.39997798	0.20546260
-318.89997802	0.21481300
-318.39997805	0.21481300
-317.89997809	0.22413260
-317.39997812	0.21481300
-316.89997816	0.21481300
-316.39997819	0.21481300
-315.89997822	0.22413260
-315.39997826	0.21481300
-314.89997829	0.21481300
-314.39997833	0.21481300
-313.89997836	0.21481300
-313.39997840	0.21481300
-312.89997843	0.21481300
-312.39997847	0.21481300
-311.89997850	0.21481300
-311.39997853	0.21481300
-310.89997857	0.21481300
-310.39997860	0.21481300
-309.89997864	0.21481300
-309.39997867	0.21481300
-308.89997871	0.21481300
-308.39997874	0.21481300
-307.89997878	0.21481300
-307.39997881	0.22413260
-306.89997884	0.21481300
-306.39997888	0.21481300
-305.89997891	0.21481300
-305.39997895	0.21481300
-304.89997898	0.21481300
-304.39997902	0.22413260
-303.89997905	0.21481300
-303.39997909	0.21481300
-302.89997912	0.20546260
-302.39997915	0.18679260
-301.89997919	0.21481300
-301.39997922	0.21481300
-300.89997926	0.21481300
-300.39997929	0.22413260
-299.89997933	0.21481300
-299.39997936	0.21481300
-298.89997940	0.21481300
-298.39997943	0.21481300
-297.89997947	0.21481300
-297.39997950	0.21481300
-296.89997953	0.21481300
-296.39997957	0.21481300
-295.89997960	0.21481300
-295.39997964	0.21481300
-294.89997967	0.21481300
-294.39997971	0.22413260
-293.89997974	0.21481300
-293.39997978	0.22413260
-292.89997981	0.20546260
-292.39997984	0.21481300
-291.89997988	0.22413260
-291.39997991	0.22413260
-290.89997995	0.21481300
-290.39997998	0.22413260
-289.89998002	0.21481300
-289.39998005	0.21481300
-288.89998009	0.21481300
-288.39998012	0.21481300
-287.89998015	0.21481300
-287.39998019	0.20546260
-286.89998022	0.21481300
-286.39998026	0.21481300
-285.89998029	0.21481300
-285.39998033	0.22413260
-284.89998036	0.21481300
-284.39998040	0.21481300
-283.89998043	0.21481300
-283.39998046	0.22413260
-282.89998050	0.21481300
-282.39998053	0.22413260
-281.89998057	0.23348300
-281.39998060	0.21481300
-280.89998064	0.21481300
-280.39998067	0.21481300
-279.89998071	0.21481300
-279.39998074	0.21481300
-278.89998077	0.21481300
-278.39998081	0.21481300
-277.89998084	0.21481300
-277.39998088	0.21481300
-276.89998091	0.21481300
-276.39998095	0.21481300
-275.89998098	0.21481300
-275.39998102	0.21481300
-274.89998105	0.21481300
-274.39998108	0.22413260
-273.89998112	0.21481300
-273.39998115	0.21481300
-272.89998119	0.22413260
-272.39998122	0.22413260
-271.89998126	0.20546260
-271.39998129	0.21481300
-270.89998133	0.21481300
-270.39998136	0.21481300
-269.89998139	0.21481300
-269.39998143	0.20546260
-268.89998146	0.21481300
-268.39998150	0.21481300
-267.89998153	0.21481300
-267.39998157	0.21481300
-266.89998160	0.21481300
-266.39998164	0.21481300
-265.89998167	0.21481300
-265.39998170	0.21481300
-264.89998174	0.22413260
-264.39998177	0.21481300
-263.89998181	0.20546260
-263.39998184	0.21481300
-262.89998188	0.21481300
-262.39998191	0.22413260
-261.89998195	0.21481300
-261.39998198	0.20546260
-260.89998201	0.21481300
-260.39998205	0.21481300
-259.89998208	0.21481300
-259.39998212	0.21481300
-258.89998215	0.21481300
-258.39998219	0.21481300
-257.89998222	0.21481300
-257.39998226	0.21481300
-256.89998229	0.22413260
-256.39998233	0.21481300
-255.89998236	0.22413260
-255.39998239	0.21481300
-254.89998243	0.22413260
-254.39998246	0.21481300
-253.89998250	0.21481300
-253.39998253	0.21481300
-252.89998257	0.22413260
-252.39998260	0.21481300
-251.89998264	0.21481300
-251.39998267	0.21481300
-250.89998270	0.21481300
-250.39998274	0.22413260
-249.89998277	0.20546260
-249.39998281	0.22413260
-248.89998284	0.21481300
-248.39998288	0.21481300
-247.89998291	0.19611220
-247.39998295	0.21481300
-246.89998298	0.21481300
-246.39998301	0.20546260
-245.89998305	0.21481300
-245.39998308	0.21481300
-244.89998312	0.22413260
-244.39998315	0.22413260
-243.89998319	0.21481300
-243.39998322	0.21481300
-242.89998326	0.22413260
-242.39998329	0.21481300
-241.89998332	0.22413260
-241.39998336	0.22413260
-240.89998339	0.21481300
-240.39998343	0.21481300
-239.89998346	0.21481300
-239.39998350	0.21481300
-238.89998353	0.21481300
-238.39998357	0.21481300
-237.89998360	0.21481300
-237.39998363	0.22413260
-236.89998367	0.21481300
-236.39998370	0.21481300
-235.89998374	0.21481300
-235.39998377	0.21481300
-234.89998381	0.22413260
-234.39998384	0.21481300
-233.89998388	0.21481300
-233.39998391	0.22413260
-232.89998394	0.21481300
-232.39998398	0.21481300
-231.89998401	0.21481300
-231.39998405	0.22413260
-230.89998408	0.22413260
-230.39998412	0.22413260
-229.89998415	0.21481300
-229.39998419	0.21481300
-228.89998422	0.22413260
-228.39998425	0.21481300
-227.89998429	0.22413260
-227.39998432	0.22413260
-226.89998436	0.21481300
-226.39998439	0.22413260
-225.89998443	0.22413260
-225.39998446	0.22413260
-224.89998450	0.21481300
-224.39998453	0.22413260
-223.89998456	0.21481300
-223.39998460	0.21481300
-222.89998463	0.22413260
-222.39998467	0.22413260
-221.89998470	0.22413260
-221.39998474	0.17744220
-220.89998477	0.21481300
-220.39998481	0.22413260
-219.89998484	0.22413260
-219.39998488	0.21481300
-218.89998491	0.21481300
-218.39998494	0.22413260
-217.89998498	0.22413260
-217.39998501	0.21481300
-216.89998505	0.22413260
-216.39998508	0.22413260
-215.89998512	0.21481300
-215.39998515	0.22413260
-214.89998519	0.21481300
-214.39998522	0.21481300
-213.89998525	0.22413260
-213.39998529	0.21481300
-212.89998532	0.22413260
-212.39998536	0.22413260
-211.89998539	0.22413260
-211.39998543	0.22413260
-210.89998546	0.21481300
-210.39998550	0.22413260
-209.89998553	0.22413260
-209.39998556	0.22413260
-208.89998560	0.21481300
-208.39998563	0.22413260
-207.89998567	0.21481300
-207.39998570	0.22413260
-206.89998574	0.22413260
-206.39998577	0.22413260
-205.89998581	0.21481300
-205.39998584	0.22413260
-204.89998587	0.21481300
-204.39998591	0.21481300
-203.89998594	0.21481300
-203.39998598	0.21481300
-202.89998601	0.22413260
-202.39998605	0.22413260
-201.89998608	0.22413260
-201.39998612	0.22413260
-200.89998615	0.22413260
-200.39998618	0.21481300
-199.89998622	0.21481300
-199.39998625	0.22413260
-198.89998629	0.21481300
-198.39998632	0.21481300
-197.89998636	0.22413260
-197.39998639	0.22413260
-196.89998643	0.22413260
-196.39998646	0.19611220
-195.89998649	0.21481300
-195.39998653	0.21481300
-194.89998656	0.22413260
-194.39998660	0.22413260
-193.89998663	0.22413260
-193.39998667	0.22413260
-192.89998670	0.21481300
-192.39998674	0.21481300
-191.89998677	0.22413260
-191.39998680	0.24283340
-190.89998684	0.22413260
-190.39998687	0.21481300
-189.89998691	0.22413260
-189.39998694	0.22413260
-188.89998698	0.26150350
-188.39998701	0.22413260
-187.89998705	0.22413260
-187.39998708	0.22413260
-186.89998711	0.22413260
-186.39998715	0.22413260
-185.89998718	0.22413260
-185.39998722	0.22413260
-184.89998725	0.22413260
-184.39998729	0.22413260
-183.89998732	0.22413260
-183.39998736	0.22413260
-182.89998739	0.22413260
-182.39998743	0.21481300
-181.89998746	0.22413260
-181.39998749	0.22413260
-180.89998753	0.22413260
-180.39998756	0.22413260
-179.89998760	0.22413260
-179.39998763	0.22413260
-178.89998767	0.22413260
-178.39998770	0.22413260
-177.89998774	0.22413260
-177.39998777	0.22413260
-176.89998780	0.22413260
-176.39998784	0.22413260
-175.89998787	0.21481300
-175.39998791	0.22413260
-174.89998794	0.21481300
-174.39998798	0.23348300
-173.89998801	0.22413260
-173.39998805	0.22413260
-172.89998808	0.22413260
-172.39998811	0.22413260
-171.89998815	0.22413260
-171.39998818	0.23348300
-170.89998822	0.23348300
-170.39998825	0.22413260
-169.89998829	0.23348300
-169.39998832	0.22413260
-168.89998836	0.22413260
-168.39998839	0.22413260
-167.89998842	0.21481300
-167.39998846	0.22413260
-166.89998849	0.23348300
-166.39998853	0.24283340
-165.89998856	0.23348300
-165.39998860	0.22413260
-164.89998863	0.22413260
-164.39998867	0.22413260
-163.89998870	0.22413260
-163.39998873	0.23348300
-162.89998877	0.22413260
-162.39998880	0.22413260
-161.89998884	0.22413260
-161.39998887	0.22413260
-160.89998891	0.22413260
-160.39998894	0.23348300
-159.89998898	0.22413260
-159.39998901	0.22413260
-158.89998904	0.22413260
-158.39998908	0.22413260
-157.89998911	0.23348300
-157.39998915	0.23348300
-156.89998918	0.22413260
-156.39998922	0.21481300
-155.89998925	0.22413260
-155.39998929	0.23348300
-154.89998932	0.23348300
-154.39998935	0.23348300
-153.89998939	0.22413260
-153.39998942	0.23348300
-152.89998946	0.22413260
-152.39998949	0.22413260
-151.89998953	0.23348300
-151.39998956	0.23348300
-150.89998960	0.25215300
-150.39998963	0.24283340
-149.89998966	0.23348300
-149.39998970	0.23348300
-148.89998973	0.23348300
-148.39998977	0.22413260
-147.89998980	0.23348300
-147.39998984	0.23348300
-146.89998987	0.23348300
-146.39998991	0.23348300
-145.89998994	0.23348300
-145.39998997	0.22413260
-144.89999001	0.24283340
-144.39999004	0.23348300
-143.89999008	0.23348300
-143.39999011	0.23348300
-142.89999015	0.23348300
-142.39999018	0.23348300
-141.89999022	0.23348300
-141.39999025	0.23348300
-140.89999029	0.23348300
-140.39999032	0.25215300
-139.89999035	0.23348300
-139.39999039	0.23348300
-138.89999042	0.28017350
-138.39999046	0.23348300
-137.89999049	0.23348300
-137.39999053	0.23348300
-136.89999056	0.23348300
-136.39999060	0.22413260
-135.89999063	0.23348300
-135.39999066	0.23348300
-134.89999070	0.23348300
-134.39999073	0.24283340
-133.89999077	0.23348300
-133.39999080	0.23348300
-132.89999084	0.23348300
-132.39999087	0.24283340
-131.89999091	0.24283340
-131.39999094	0.23348300
-130.89999097	0.24283340
-130.39999101	0.23348300
-129.89999104	0.23348300
-129.39999108	0.23348300
-128.89999111	0.23348300
-128.39999115	0.23348300
-127.89999118	0.23348300
-127.39999122	0.24283340
-126.89999125	0.23348300
-126.39999128	0.23348300
-125.89999132	0.23348300
-125.39999135	0.24283340
-124.89999139	0.24283340
-124.39999142	0.22413260
-123.89999146	0.24283340
-123.39999149	0.24283340
-122.89999153	0.23348300
-122.39999156	0.23348300
-121.89999159	0.24283340
-121.39999163	0.24283340
-120.89999166	0.23348300
-120.39999170	0.24283340
-119.89999173	0.23348300
-119.39999177	0.23348300
-118.89999180	0.23348300
-118.39999184	0.24283340
-117.89999187	0.24283340
-117.39999190	0.24283340
-116.89999194	0.24283340
-116.39999197	0.23348300
-115.89999201	0.24283340
-115.39999204	0.07471088
-114.89999208	0.24283340
-114.39999211	0.24283340
-113.89999215	0.24283340
-113.39999218	0.24283340
-112.89999221	0.23348300
-112.39999225	0.23348300
-111.89999228	0.23348300
-111.39999232	0.24283340
-110.89999235	0.25215300
-110.39999239	0.24283340
-109.89999242	0.25215300
-109.39999246	0.24283340
-108.89999249	0.24283340
-108.39999252	0.24283340
-107.89999256	0.19611220
-107.39999259	0.25215300
-106.89999263	0.23348300
-106.39999266	0.25215300
-105.89999270	0.26150350
-105.39999273	0.24283340
-104.89999277	0.25215300
-104.39999280	0.24283340
-103.89999284	0.24283340
-103.39999287	0.24283340
-102.89999290	0.24283340
-102.39999294	0.25215300
-101.89999297	0.25215300
-101.39999301	0.24283340
-100.89999304	0.24283340
-100.39999308	0.25215300
-99.89999311	0.24283340
-99.39999315	0.25215300
-98.89999318	0.25215300
-98.39999321	0.24283340
-97.89999325	0.25215300
-97.39999328	0.26150350
-96.89999332	0.25215300
-96.39999335	0.25215300
-95.89999339	0.24283340
-95.39999342	0.24283340
-94.89999346	0.25215300
-94.39999349	0.24283340
-93.89999352	0.25215300
-93.39999356	0.24283340
-92.89999359	0.25215300
-92.39999363	0.24283340
-91.89999366	0.25215300
-91.39999370	0.25215300
-90.89999373	0.25215300
-90.39999377	0.25215300
-89.89999380	0.24283340
-89.39999383	0.25215300
-88.89999387	0.25215300
-88.39999390	0.24283340
-87.89999394	0.25215300
-87.39999397	0.25215300
-86.89999401	0.25215300
-86.39999404	0.25215300
-85.89999408	0.25215300
-85.39999411	0.25215300
-84.89999414	0.25215300
-84.39999418	0.26150350
-83.89999421	0.25215300
-83.39999425	0.25215300
-82.89999428	0.25215300
-82.39999432	0.25215300
-81.89999435	0.25215300
-81.39999439	0.25215300
-80.89999442	0.25215300
-80.39999445	0.25215300
-79.89999449	0.25215300
-79.39999452	0.26150350
-78.89999456	0.26150350
-78.39999459	0.26150350
-77.89999463	0.26150350
-77.39999466	0.25215300
-76.89999470	0.24283340
-76.39999473	0.25215300
-75.89999476	0.25215300
-75.39999480	0.26150350
-74.89999483	0.25215300
-74.39999487	0.26150350
-73.89999490	0.26150350
-73.39999494	0.26150350
-72.89999497	0.25215300
-72.39999501	0.25215300
-71.89999504	0.25215300
-71.39999507	0.25215300
-70.89999511	0.26150350
-70.39999514	0.26150350
-69.89999518	0.25215300
-69.39999521	0.27085380
-68.89999525	0.25215300
-68.39999528	0.26150350
-67.89999532	0.26150350
-67.39999535	0.26150350
-66.89999539	0.27085380
-66.39999542	0.26150350
-65.89999545	0.24283340
-65.39999549	0.26150350
-64.89999552	0.26150350
-64.39999556	0.26150350
-63.89999559	0.25215300
-63.39999563	0.26150350
-62.89999566	0.26150350
-62.39999570	0.26150350
-61.89999573	0.25215300
-61.39999576	0.26150350
-60.89999580	0.26150350
-60.39999583	0.26150350
-59.89999587	0.27085380
-59.39999590	0.26150350
-58.89999594	0.27085380
-58.39999597	0.27085380
-57.89999601	0.27085380
-57.39999604	0.26150350
-56.89999607	0.26150350
-56.39999611	0.26150350
-55.89999614	0.26150350
-55.39999618	0.26150350
-54.89999621	0.26150350
-54.39999625	0.26150350
-53.89999628	0.26150350
-53.39999632	0.26150350
-52.89999635	0.27085380
-52.39999638	0.27085380
-51.89999642	0.27085380
-51.39999645	0.26150350
-50.89999649	0.27085380
-50.39999652	0.28017350
-49.89999656	0.27085380
-49.39999659	0.26150350
-48.89999663	0.26150350
-48.39999666	0.26150350
-47.89999669	0.27085380
-47.39999673	0.27085380
-46.89999676	0.25215300
-46.39999680	0.26150350
-45.89999683	0.31754430
-45.39999687	0.27085380
-44.89999690	0.27085380
-44.39999694	0.26150350
-43.89999697	0.26150350
-43.39999700	0.27085380
-42.89999704	0.27085380
-42.39999707	0.27085380
-41.89999711	0.27085380
-41.39999714	0.26150350
-40.89999718	0.27085380
-40.39999721	0.26150350
-39.89999725	0.27085380
-39.39999728	0.27085380
-38.89999731	0.27085380
-38.39999735	0.28952390
-37.89999738	0.27085380
-37.39999742	0.27085380
-36.89999745	0.30819390
-36.39999749	0.26150350
-35.89999752	0.27085380
-35.39999756	0.28017350
-34.89999759	0.28017350
-34.39999762	0.27085380
-33.89999766	0.28017350
-33.39999769	0.26150350
-32.89999773	0.28017350
-32.39999776	0.27085380
-31.89999780	0.28017350
-31.39999783	0.28017350
-30.89999787	0.27085380
-30.39999790	0.27085380
-29.89999793	0.27085380
-29.39999797	0.28017350
-28.89999800	0.28017350
-28.39999804	0.27085380
-27.89999807	0.27085380
-27.39999811	0.28017350
-26.89999814	0.28017350
-26.39999818	0.28017350
-25.89999821	0.28017350
-25.39999825	0.27085380
-24.89999828	0.28017350
-24.39999831	0.28017350
-23.89999835	0.28017350
-23.39999838	0.28017350
-22.89999842	0.28017350
-22.39999845	0.28017350
-21.89999849	0.28952390
-21.39999852	0.28017350
-20.89999856	0.28017350
-20.39999859	0.28952390
-19.89999862	0.28017350
-19.39999866	0.28017350
-18.89999869	0.28017350
-18.39999873	0.28952390
-17.89999876	0.28017350
-17.39999880	0.28017350
-16.89999883	0.28952390
-16.39999887	0.28952390
-15.89999890	0.28017350
-15.39999893	0.28017350
-14.89999897	0.28017350
-14.39999900	0.28017350
-13.89999904	0.28017350
-13.39999907	0.28952390
-12.89999911	0.28952390
-12.39999914	0.28017350
-11.89999918	0.28017350
-11.39999921	0.28952390
-10.89999924	0.30819390
-10.39999928	0.28952390
-9.89999931	0.28952390
-9.39999935	0.28017350
-8.89999938	0.28952390
-8.39999942	0.28952390
-7.89999945	0.28017350
-7.39999949	0.28952390
-6.89999952	0.28952390
-6.39999955	0.28952390
-5.89999959	0.28952390
-5.39999962	0.28952390
-4.89999966	0.28952390
-4.39999969	0.28952390
-3.89999973	0.29887430
-3.39999976	0.28952390
-2.89999980	0.28952390
-2.39999983	0.28017350
-1.89999986	0.28952390
-1.39999990	0.29887430
-0.89999993	0.29887430
-0.39999997	0.28952390
0.10000000	0.33621430
0.59999996	0.28952390
1.09999993	0.29887430
1.59999989	0.28017350
2.09999986	0.29887430
2.59999983	0.29887430
3.09999979	0.28952390
3.59999976	0.28952390
4.09999972	0.29887430
4.59999969	0.28952390
5.09999965	0.28952390
5.59999962	0.28952390
6.09999958	0.29887430
6.59999955	0.28952390
7.09999952	0.28952390
7.59999948	0.29887430
8.09999945	0.29887430
8.59999941	0.29887430
9.09999938	0.27085380
9.59999934	0.29887430
10.09999931	0.28952390
10.59999927	0.28952390
11.09999924	0.29887430
11.59999920	0.29887430
12.09999917	0.29887430
12.59999914	0.30819390
13.09999910	0.29887430
13.59999907	0.29887430
14.09999903	0.29887430
14.59999900	0.29887430
15.09999896	0.29887430
15.59999893	0.29887430
16.09999889	0.29887430
16.59999886	0.30819390
17.09999883	0.30819390
17.59999879	0.30819390
18.09999876	0.30819390
18.59999872	0.31754430
19.09999869	0.29887430
19.59999865	0.29887430
20.09999862	0.29887430
20.59999858	0.30819390
21.09999855	0.29887430
21.59999852	0.29887430
22.09999848	0.30819390
22.59999845	0.30819390
23.09999841	0.29887430
23.59999838	0.30819390
24.09999834	0.29887430
24.59999831	0.30819390
25.09999827	0.29887430
25.59999824	0.30819390
26.09999821	0.30819390
26.59999817	0.31754430
27.09999814	0.29887430
27.59999810	0.30819390
28.09999807	0.34556470
28.59999803	0.29887430
29.09999800	0.30819390
29.59999796	0.30819390
30.09999793	0.30819390
30.59999790	0.30819390
31.09999786	0.30819390
31.59999783	0.30819390
32.09999779	0.30819390
32.59999776	0.30819390
33.09999772	0.31754430
33.59999769	0.30819390
34.09999765	0.30819390
34.59999762	0.31754430
35.09999759	0.31754430
35.59999755	0.31754430
36.09999752	0.31754430
36.59999748	0.31754430
37.09999745	0.31754430
37.59999741	0.31754430
38.09999738	0.31754430
38.59999734	0.31754430
39.09999731	0.31754430
39.59999728	0.30819390
40.09999724	0.30819390
40.59999721	0.31754430
41.09999717	0.31754430
41.59999714	0.31754430
42.09999710	0.30819390
42.59999707	0.31754430
43.09999703	0.31754430
43.59999700	0.32686390
44.09999697	0.30819390
44.59999693	0.31754430
45.09999690	0.31754430
45.59999686	0.31754430
46.09999683	0.32686390
46.59999679	0.31754430
47.09999676	0.31754430
47.59999672	0.31754430
48.09999669	0.31754430
48.59999665	0.32686390
49.09999662	0.32686390
49.59999659	0.31754430
50.09999655	0.32686390
50.59999652	0.32686390
51.09999648	0.32686390
51.59999645	0.31754430
52.09999641	0.32686390
52.59999638	0.32686390
53.09999634	0.32686390
53.59999631	0.32686390
54.09999628	0.33621430
54.59999624	0.32686390
55.09999621	0.31754430
55.59999617	0.32686390
56.09999614	0.32686390
56.59999610	0.32686390
57.09999607	0.32686390
57.59999603	0.32686390
58.09999600	0.32686390
58.59999597	0.33621430
59.09999593	0.32686390
59.59999590	0.33621430
60.09999586	0.32686390
60.59999583	0.32686390
61.09999579	0.32686390
61.59999576	0.32686390
62.09999572	0.33621430
62.59999569	0.33621430
63.09999566	0.33621430
63.59999562	0.33621430
64.09999559	0.33621430
64.59999555	0.32686390
65.09999552	0.33621430
65.59999548	0.32686390
66.09999545	0.33621430
66.59999541	0.33621430
67.09999538	0.33621430
67.59999535	0.32686390
68.09999531	0.33621430
68.59999528	0.32686390
69.09999524	0.33621430
69.59999521	0.33621430
70.09999517	0.33621430
70.59999514	0.33621430
71.09999510	0.32686390
71.59999507	0.33621430
72.09999504	0.33621430
72.59999500	0.33621430
73.09999497	0.33621430
73.59999493	0.30819390
74.09999490	0.34556470
74.59999486	0.33621430
75.09999483	0.34556470
75.59999479	0.34556470
76.09999476	0.33621430
76.59999473	0.33621430
77.09999469	0.34556470
77.59999466	0.34556470
78.09999462	0.34556470
78.59999459	0.33621430
79.09999455	0.34556470
79.59999452	0.34556470
80.09999448	0.34556470
80.59999445	0.35488440
81.09999442	0.34556470
81.59999438	0.34556470
82.09999435	0.34556470
82.59999431	0.34556470
83.09999428	0.32686390
83.59999424	0.34556470
84.09999421	0.36423470
84.59999417	0.34556470
85.09999414	0.34556470
85.59999410	0.34556470
86.09999407	0.35488440
86.59999404	0.34556470
87.09999400	0.35488440
87.59999397	0.34556470
88.09999393	0.35488440
88.59999390	0.34556470
89.09999386	0.35488440
89.59999383	0.35488440
90.09999379	0.37358510
90.59999376	0.35488440
91.09999373	0.35488440
91.59999369	0.35488440
92.09999366	0.35488440
92.59999362	0.34556470
93.09999359	0.35488440
93.59999355	0.35488440
94.09999352	0.35488440
94.59999348	0.35488440
95.09999345	0.35488440
95.59999342	0.35488440
96.09999338	0.35488440
96.59999335	0.34556470
97.09999331	0.35488440
97.59999328	0.35488440
98.09999324	0.35488440
98.59999321	0.35488440
99.09999317	0.35488440
99.59999314	0.35488440
100.09999311	0.34556470
100.59999307	0.35488440
101.09999304	0.36423470
101.59999300	0.36423470
102.09999297	0.35488440
102.59999293	0.35488440
103.09999290	0.35488440
103.59999286	0.35488440
104.09999283	0.36423470
104.59999280	0.36423470
105.09999276	0.36423470
105.59999273	0.36423470
106.09999269	0.36423470
106.59999266	0.36423470
107.09999262	0.35488440
107.59999259	0.32686390
108.09999255	0.37358510
108.59999252	0.36423470
109.09999249	0.36423470
109.59999245	0.36423470
110.09999242	0.36423470
110.59999238	0.41092520
111.09999235	0.36423470
111.59999231	0.35488440
112.09999228	0.37358510
112.59999224	0.36423470
113.09999221	0.37358510
113.59999218	0.36423470
114.09999214	0.37358510
114.59999211	0.37358510
115.09999207	0.37358510
115.59999204	0.37358510
116.09999200	0.37358510
116.59999197	0.37358510
117.09999193	0.37358510
117.59999190	0.37358510
118.09999187	0.36423470
118.59999183	0.37358510
119.09999180	0.37358510
119.59999176	0.37358510
120.09999173	0.37358510
120.59999169	0.37358510
121.09999166	0.37358510
121.59999162	0.38290480
122.09999159	0.37358510
122.59999156	0.38290480
123.09999152	0.37358510
123.59999149	0.37358510
124.09999145	0.37358510
124.59999142	0.38290480
125.09999138	0.37358510
125.59999135	0.38290480
126.09999131	0.38290480
126.59999128	0.37358510
127.09999124	0.38290480
127.59999121	0.37358510
128.09999118	0.38290480
128.59999114	0.39225520
129.09999111	0.38290480
129.59999107	0.20546260
130.09999104	0.38290480
130.59999100	0.39225520
131.09999097	0.31754430
131.59999093	0.38290480
132.09999090	0.38290480
132.59999087	0.38290480
133.09999083	0.38290480
133.59999080	0.39225520
134.09999076	0.38290480
134.59999073	0.38290480
135.09999069	0.38290480
135.59999066	0.39225520
136.09999062	0.39225520
136.59999059	0.39225520
137.09999056	0.38290480
137.59999052	0.39225520
138.09999049	0.39225520
138.59999045	0.38290480
139.09999042	0.39225520
139.59999038	0.39225520
140.09999035	0.38290480
140.59999031	0.39225520
141.09999028	0.38290480
141.59999025	0.39225520
142.09999021	0.39225520
142.59999018	0.39225520
143.09999014	0.39225520
143.59999011	0.38290480
144.09999007	0.38290480
144.59999004	0.40160550
145.09999000	0.39225520
145.59998997	0.40160550
146.09998994	0.39225520
146.59998990	0.39225520
147.09998987	0.39225520
147.59998983	0.40160550
148.09998980	0.40160550
148.59998976	0.40160550
149.09998973	0.39225520
149.59998969	0.40160550
150.09998966	0.40160550
150.59998963	0.41092520
151.09998959	0.40160550
151.59998956	0.40160550
152.09998952	0.40160550
152.59998949	0.40160550
153.09998945	0.40160550
153.59998942	0.40160550
154.09998938	0.40160550
154.59998935	0.40160550
155.09998932	0.40160550
155.59998928	0.40160550
156.09998925	0.40160550
156.59998921	0.40160550
157.09998918	0.40160550
157.59998914	0.40160550
158.09998911	0.41092520
158.59998907	0.41092520
159.09998904	0.41092520
159.59998901	0.40160550
160.09998897	0.41092520
160.59998894	0.41092520
161.09998890	0.42027560
161.59998887	0.41092520
162.09998883	0.41092520
162.59998880	0.40160550
163.09998876	0.41092520
163.59998873	0.41092520
164.09998869	0.41092520
164.59998866	0.42027560
165.09998863	0.41092520
165.59998859	0.41092520
166.09998856	0.42027560
166.59998852	0.42027560
167.09998849	0.41092520
167.59998845	0.42027560
168.09998842	0.41092520
168.59998838	0.41092520
169.09998835	0.42027560
169.59998832	0.42027560
170.09998828	0.42027560
170.59998825	0.41092520
171.09998821	0.42027560
171.59998818	0.42027560
172.09998814	0.42027560
172.59998811	0.42027560
173.09998807	0.42027560
173.59998804	0.42027560
174.09998801	0.42027560
174.59998797	0.42027560
175.09998794	0.42027560
175.59998790	0.42962600
176.09998787	0.42027560
176.59998783	0.42027560
177.09998780	0.42962600
177.59998776	0.42962600
178.09998773	0.42027560
178.59998770	0.42027560
179.09998766	0.42027560
179.59998763	0.42962600
180.09998759	0.42962600
180.59998756	0.42962600
181.09998752	0.42962600
181.59998749	0.42027560
182.09998745	0.42962600
182.59998742	0.42962600
183.09998739	0.42962600
183.59998735	0.42962600
184.09998732	0.42962600
184.59998728	0.42962600
185.09998725	0.44829600
185.59998721	0.42962600
186.09998718	0.42962600
186.59998714	0.45764640
187.09998711	0.42962600
187.59998708	0.43894560
188.09998704	0.43894560
188.59998701	0.43894560
189.09998697	0.42962600
189.59998694	0.43894560
190.09998690	0.43894560
190.59998687	0.43894560
191.09998683	0.42962600
191.59998680	0.42962600
192.09998677	0.43894560
192.59998673	0.43894560
193.09998670	0.43894560
193.59998666	0.43894560
194.09998663	0.42962600
194.59998659	0.43894560
195.09998656	0.43894560
195.59998652	0.43894560
196.09998649	0.44829600
196.59998646	0.44829600
197.09998642	0.43894560
197.59998639	0.43894560
198.09998635	0.43894560
198.59998632	0.45764640
199.09998628	0.45764640
199.59998625	0.44829600
200.09998621	0.43894560
200.59998618	0.44829600
201.09998614	0.44829600
201.59998611	0.44829600
202.09998608	0.44829600
202.59998604	0.44829600
203.09998601	0.44829600
203.59998597	0.44829600
204.09998594	0.44829600
204.59998590	0.44829600
205.09998587	0.44829600
205.59998583	0.45764640
206.09998580	0.45764640
206.59998577	0.44829600
207.09998573	0.45764640
207.59998570	0.44829600
208.09998566	0.45764640
208.59998563	0.45764640
209.09998559	0.45764640
209.59998556	0.45764640
210.09998552	0.44829600
210.59998549	0.45764640
211.09998546	0.45764640
211.59998542	0.44829600
212.09998539	0.45764640
212.59998535	0.45764640
213.09998532	0.45764640
213.59998528	0.46696600
214.09998525	0.45764640
214.59998521	0.44829600
215.09998518	0.45764640
215.59998515	0.45764640
216.09998511	0.45764640
216.59998508	0.45764640
217.09998504	0.45764640
217.59998501	0.46696600
218.09998497	0.45764640
218.59998494	0.46696600
219.09998490	0.46696600
219.59998487	0.46696600
220.09998484	0.46696600
220.59998480	0.46696600
221.09998477	0.45764640
221.59998473	0.47631640
222.09998470	0.46696600
222.59998466	0.46696600
223.09998463	0.46696600
223.59998459	0.46696600
224.09998456	0.47631640
224.59998453	0.49498650
225.09998449	0.47631640
225.59998446	0.46696600
226.09998442	0.47631640
226.59998439	0.45764640
227.09998435	0.46696600
227.59998432	0.47631640
228.09998428	0.46696600
228.59998425	0.46696600
229.09998422	0.47631640
229.59998418	0.48566680
230.09998415	0.47631640
230.59998411	0.47631640
231.09998408	0.47631640
231.59998404	0.47631640
232.09998401	0.47631640
232.59998397	0.48566680
233.09998394	0.47631640
233.59998391	0.48566680
234.09998387	0.47631640
234.59998384	0.47631640
235.09998380	0.46696600
235.59998377	0.47631640
236.09998373	0.47631640
236.59998370	0.49498650
237.09998366	0.48566680
237.59998363	0.48566680
238.09998360	0.48566680
238.59998356	0.47631640
239.09998353	0.48566680
239.59998349	0.48566680
240.09998346	0.47631640
240.59998342	0.48566680
241.09998339	0.48566680
241.59998335	0.48566680
242.09998332	0.48566680
242.59998328	0.49498650
243.09998325	0.48566680
243.59998322	0.48566680
244.09998318	0.48566680
244.59998315	0.48566680
245.09998311	0.48566680
245.59998308	0.49498650
246.09998304	0.49498650
246.59998301	0.48566680
247.09998297	0.48566680
247.59998294	0.49498650
248.09998291	0.47631640
248.59998287	0.49498650
249.09998284	0.50433680
249.59998280	0.49498650
250.09998277	0.49498650
250.59998273	0.49498650
251.09998270	0.50433680
251.59998266	0.50433680
252.09998263	0.49498650
252.59998260	0.50433680
253.09998256	0.49498650
253.59998253	0.50433680
254.09998249	0.50433680
254.59998246	0.50433680
255.09998242	0.50433680
255.59998239	0.50433680
256.09998235	0.49498650
256.59998232	0.50433680
257.09998229	0.49498650
257.59998225	0.49498650
258.09998222	0.50433680
258.59998218	0.50433680
259.09998215	0.51368730
259.59998211	0.50433680
260.09998208	0.49498650
260.59998204	0.51368730
261.09998201	0.51368730
261.59998198	0.51368730
262.09998194	0.50433680
262.59998191	0.51368730
263.09998187	0.51368730
263.59998184	0.50433680
264.09998180	0.51368730
264.59998177	0.51368730
265.09998173	0.51368730
265.59998170	0.52300690
266.09998167	0.45764640
266.59998163	0.52300690
267.09998160	0.51368730
267.59998156	0.51368730
268.09998153	0.52300690
268.59998149	0.51368730
269.09998146	0.52300690
269.59998142	0.51368730
270.09998139	0.52300690
270.59998136	0.51368730
271.09998132	0.52300690
271.59998129	0.51368730
272.09998125	0.52300690
272.59998122	0.52300690
273.09998118	0.52300690
273.59998115	0.52300690
274.09998111	0.51368730
274.59998108	0.17744220
275.09998105	0.51368730
275.59998101	0.52300690
276.09998098	0.53235730
276.59998094	0.52300690
277.09998091	0.52300690
277.59998087	0.53235730
278.09998084	0.53235730
278.59998080	0.52300690
279.09998077	0.53235730
279.59998073	0.44829600
280.09998070	0.53235730
280.59998067	0.53235730
281.09998063	0.53235730
281.59998060	0.53235730
282.09998056	0.52300690
282.59998053	0.46696600
283.09998049	0.53235730
283.59998046	0.53235730
284.09998042	0.53235730
284.59998039	0.53235730
285.09998036	0.54170770
285.59998032	0.53235730
286.09998029	0.52300690
286.59998025	0.54170770
287.09998022	0.54170770
287.59998018	0.54170770
288.09998015	0.54170770
288.59998011	0.53235730
289.09998008	0.53235730
289.59998005	0.54170770
290.09998001	0.54170770
290.59997998	0.55102730
291.09997994	0.54170770
291.59997991	0.54170770
292.09997987	0.54170770
292.59997984	0.54170770
293.09997980	0.54170770
293.59997977	0.54170770
294.09997974	0.54170770
294.59997970	0.54170770
295.09997967	0.56972810
295.59997963	0.55102730
296.09997960	0.55102730
296.59997956	0.54170770
297.09997953	0.54170770
297.59997949	0.55102730
298.09997946	0.55102730
298.59997943	0.56037770
299.09997939	0.55102730
299.59997936	0.55102730
300.09997932	0.55102730
300.59997929	0.55102730
301.09997925	0.55102730
301.59997922	0.55102730
302.09997918	0.55102730
302.59997915	0.55102730
303.09997912	0.55102730
303.59997908	0.55102730
304.09997905	0.56037770
304.59997901	0.56037770
305.09997898	0.56037770
305.59997894	0.56037770
306.09997891	0.56037770
306.59997887	0.56037770
307.09997884	0.56037770
307.59997881	0.56972810
308.09997877	0.56972810
308.59997874	0.56037770
309.09997870	0.55102730
309.59997867	0.03734006
310.09997863	0.56037770
310.59997860	0.56972810
311.09997856	0.56037770
311.59997853	0.56037770
312.09997850	0.56037770
312.59997846	0.56037770
313.09997843	0.56972810
313.59997839	0.56972810
314.09997836	0.56037770
314.59997832	0.56972810
315.09997829	0.56972810
315.59997825	0.56972810
316.09997822	0.58839810
316.59997818	0.57904770
317.09997815	0.56972810
317.59997812	0.57904770
318.09997808	0.57904770
318.59997805	0.58839810
319.09997801	0.56972810
319.59997798	0.57904770
320.09997794	0.56972810
320.59997791	0.57904770
321.09997787	0.57904770
321.59997784	0.57904770
322.09997781	0.57904770
322.59997777	0.02798967
323.09997774	0.58839810
323.59997770	0.57904770
324.09997767	0.57904770
324.59997763	0.59774850
325.09997760	0.58839810
325.59997756	0.57904770
326.09997753	0.58839810
326.59997750	0.58839810
327.09997746	0.58839810
327.59997743	0.58839810
328.09997739	0.58839810
328.59997736	0.58839810
329.09997732	0.58839810
329.59997729	0.58839810
330.09997725	0.60706820
330.59997722	0.58839810
331.09997719	0.59774850
331.59997715	0.59774850
332.09997712	0.58839810
332.59997708	0.58839810
333.09997705	0.57904770
333.59997701	0.59774850
334.09997698	0.59774850
334.59997694	0.61641850
335.09997691	0.59774850
335.59997688	0.58839810
336.09997684	0.59774850
336.59997681	0.59774850
337.09997677	0.59774850
337.59997674	0.59774850
338.09997670	0.59774850
338.59997667	0.59774850
339.09997663	0.59774850
339.59997660	0.60706820
340.09997657	0.59774850
340.59997653	0.59774850
341.09997650	0.59774850
341.59997646	0.60706820
342.09997643	0.60706820
342.59997639	0.61641850
343.09997636	0.59774850
343.59997632	0.60706820
344.09997629	0.13075170
344.59997626	0.60706820
345.09997622	0.61641850
345.59997619	0.60706820
346.09997615	0.61641850
346.59997612	0.61641850
347.09997608	0.61641850
347.59997605	0.61641850
348.09997601	0.61641850
348.59997598	0.60706820
349.09997595	0.61641850
349.59997591	0.61641850
350.09997588	0.59774850
350.59997584	0.61641850
351.09997581	0.61641850
351.59997577	0.61641850
352.09997574	0.61641850
352.59997570	0.61641850
353.09997567	0.60706820
353.59997564	0.61641850
354.09997560	0.61641850
354.59997557	0.61641850
355.09997553	0.61641850
355.59997550	0.61641850
356.09997546	0.62573820
356.59997543	0.58839810
357.09997539	0.62573820
357.59997536	0.61641850
358.09997532	0.61641850
358.59997529	0.61641850
359.09997526	0.62573820
359.59997522	0.62573820
360.09997519	0.62573820
360.59997515	0.63508860
361.09997512	0.62573820
361.59997508	0.62573820
362.09997505	0.63508860
362.59997501	0.62573820
363.09997498	0.63508860
363.59997495	0.64443900
364.09997491	0.64443900
364.59997488	0.63508860
365.09997484	0.63508860
365.59997481	0.63508860
366.09997477	0.63508860
366.59997474	0.63508860
367.09997470	0.64443900
367.59997467	0.63508860
368.09997464	0.63508860
368.59997460	0.64443900
369.09997457	0.63508860
369.59997453	0.63508860
370.09997450	0.63508860
370.59997446	0.64443900
371.09997443	0.64443900
371.59997439	0.62573820
372.09997436	0.63508860
372.59997433	0.64443900
373.09997429	0.62573820
373.59997426	0.66310900
374.09997422	0.64443900
374.59997419	0.65375860
375.09997415	0.64443900
375.59997412	0.65375860
376.09997408	0.64443900
376.59997405	0.65375860
377.09997402	0.64443900
377.59997398	0.64443900
378.09997395	0.65375860
378.59997391	0.64443900
379.09997388	0.65375860
379.59997384	0.63508860
380.09997381	0.65375860
380.59997377	0.66310900
381.09997374	0.66310900
381.59997371	0.00931964
382.09997367	0.65375860
382.59997364	0.66310900
383.09997360	0.65375860
383.59997357	0.65375860
384.09997353	0.66310900
384.59997350	0.65375860
385.09997346	0.66310900
385.59997343	0.66310900
386.09997340	0.68177900
386.59997336	0.66310900
387.09997333	0.66310900
387.59997329	0.66310900
388.09997326	0.66310900
388.59997322	0.66310900
389.09997319	0.67245940
389.59997315	0.65375860
390.09997312	0.67245940
390.59997309	0.66310900
391.09997305	0.67245940
391.59997302	0.67245940
392.09997298	0.66310900
392.59997295	0.67245940
393.09997291	0.66310900
393.59997288	0.67245940
394.09997284	0.68177900
394.59997281	0.67245940
395.09997277	0.68177900
395.59997274	0.67245940
396.09997271	0.67245940
396.59997267	0.67245940
397.09997264	0.67245940
397.59997260	0.68177900
398.09997257	0.68177900
398.59997253	0.68177900
399.09997250	0.69112940
399.59997246	0.68177900
400.09997243	0.68177900
400.59997240	0.68177900
401.09997236	0.68177900
401.59997233	0.68177900
402.09997229	0.69112940
402.59997226	0.68177900
403.09997222	0.69112940
403.59997219	0.68177900
404.09997215	0.68177900
404.59997212	0.69112940
405.09997209	0.70047980
405.59997205	0.69112940
406.09997202	0.69112940
406.59997198	0.69112940
407.09997195	0.69112940
407.59997191	0.69112940
408.09997188	0.70047980
408.59997184	0.69112940
409.09997181	0.69112940
409.59997178	0.69112940
410.09997174	0.73781990
410.59997171	0.70047980
411.09997167	0.69112940
411.59997164	0.70979950
412.09997160	0.70047980
412.59997157	0.70047980
413.09997153	0.70979950
413.59997150	0.69112940
414.09997147	0.70047980
414.59997143	0.70047980
415.09997140	0.70979950
415.59997136	0.70047980
416.09997133	0.70979950
416.59997129	0.70047980
417.09997126	0.70979950
417.59997122	0.70979950
418.09997119	0.70047980
418.59997116	0.70979950
419.09997112	0.68177900
419.59997109	0.70979950
420.09997105	0.70979950
420.59997102	0.71914980
421.09997098	0.70979950
421.59997095	0.71914980
422.09997091	0.70047980
422.59997088	0.70979950
423.09997085	0.71914980
423.59997081	0.70979950
424.09997078	0.71914980
424.59997074	0.71914980
425.09997071	0.71914980
425.59997067	0.71914980
426.09997064	0.70979950
426.59997060	0.70979950
427.09997057	0.71914980
427.59997054	0.72850020
428.09997050	0.72850020
428.59997047	0.71914980
429.09997043	0.71914980
429.59997040	0.71914980
430.09997036	0.72850020
430.59997033	0.00000000
431.09997029	0.00931964
431.59997026	0.01867003
432.09997022	0.00931964
432.59997019	0.00931964
433.09997016	0.00931964
433.59997012	0.72850020
434.09997009	0.71914980
434.59997005	0.74717030
435.09997002	0.72850020
435.59996998	0.73781990
436.09996995	0.73781990
436.59996991	0.73781990
437.09996988	0.73781990
437.59996985	0.11205090
438.09996981	0.00000000
438.59996978	0.00931964
439.09996974	-0.00931964
439.59996971	0.00000000
440.09996967	0.00000000
440.59996964	0.00000000
441.09996960	-0.00931964
441.59996957	-0.00931964
442.09996954	0.73781990
442.59996950	0.73781990
443.09996947	0.73781990
443.59996943	0.74717030
444.09996940	0.74717030
444.59996936	-0.01867003
445.09996933	0.06536048
445.59996929	0.72850020
446.09996926	0.74717030
446.59996923	0.75652070
447.09996919	-0.00931964
447.59996916	0.00000000
448.09996912	-0.00931964
448.59996909	-0.01867003
449.09996905	0.27085380
449.59996902	0.75652070
450.09996898	0.74717030
450.59996895	0.75652070
451.09996892	0.74717030
451.59996888	0.76584030
452.09996885	0.75652070
452.59996881	0.76584030
453.09996878	0.75652070
453.59996874	0.75652070
454.09996871	0.75652070
454.59996867	0.76584030
455.09996864	0.14942180
455.59996861	0.01867003
456.09996857	0.01867003
456.59996854	0.00931964
457.09996850	0.01867003
457.59996847	0.21481300
458.09996843	0.00931964
458.59996840	0.76584030
459.09996836	0.75652070
459.59996833	0.76584030
460.09996830	0.05601009
460.59996826	-0.00931964
461.09996823	0.00000000
461.59996819	-0.01867003
462.09996816	-0.01867003
462.59996812	-0.01867003
463.09996809	-0.00931964
463.59996805	0.77519070
464.09996802	0.76584030
464.59996799	0.78454110
465.09996795	0.02798967
465.59996792	-0.00931964
466.09996788	-0.00931964
466.59996785	-0.00931964
467.09996781	-0.01867003
467.59996778	-0.00931964
468.09996774	0.00000000
468.59996771	-0.00931964
469.09996767	0.74717030
469.59996764	0.79386070
470.09996761	0.79386070
470.59996757	0.78454110
471.09996754	0.78454110
471.59996750	0.78454110
472.09996747	0.78454110
472.59996743	0.79386070
473.09996740	0.79386070
473.59996736	0.79386070
474.09996733	0.80321110
474.59996730	0.79386070
475.09996726	0.78454110
475.59996723	0.78454110
476.09996719	0.79386070
476.59996716	0.80321110
477.09996712	0.78454110
477.59996709	0.14007140
478.09996705	0.02798967
478.59996702	0.00000000
479.09996699	0.00000000
479.59996695	0.00931964
480.09996692	-0.00931964
480.59996688	0.00000000
481.09996685	-0.00931964
481.59996681	0.00000000
482.09996678	0.80321110
482.59996674	0.80321110
483.09996671	0.80321110
483.59996668	0.80321110
484.09996664	0.80321110
484.59996661	0.81256150
485.09996657	0.81256150
485.59996654	0.81256150
486.09996650	0.80321110
486.59996647	0.80321110
487.09996643	0.77519070
487.59996640	0.81256150
488.09996637	0.82188120
488.59996633	0.81256150
489.09996630	0.82188120
489.59996626	0.79386070
490.09996623	0.81256150
490.59996619	0.81256150
491.09996616	0.82188120
491.59996612	0.81256150
492.09996609	0.82188120
492.59996606	0.81256150
493.09996602	0.82188120
493.59996599	0.82188120
494.09996595	0.82188120
494.59996592	0.82188120
495.09996588	0.82188120
495.59996585	0.01867003
496.09996581	0.01867003
496.59996578	0.01867003
497.09996575	0.00931964
497.59996571	0.00931964
498.09996568	0.00000000
498.59996564	0.00000000
499.09996561	0.00000000
499.59996557	0.00000000
500.09996554	0.00000000
500.59996550	-0.00931964
501.09996547	0.00000000
501.59996544	-0.00931964
502.09996540	-0.02798967
502.59996537	-0.00931964
503.09996533	-0.00931964
503.59996530	-0.00931964
504.09996526	-0.01867003
504.59996523	-0.02798967
505.09996519	-0.00931964
505.59996516	-0.01867003
506.09996513	-0.02798967
506.59996509	-0.02798967
507.09996506	-0.00931964
507.59996502	-0.00931964
508.09996499	-0.00931964
508.59996495	-0.00931964
509.09996492	0.00931964
509.59996488	0.00000000
510.09996485	0.00000000
510.59996481	0.00000000
511.09996478	0.00931964
511.59996475	0.00931964
512.09996471	0.00931964
512.59996468	0.00000000
513.09996464	0.01867003
513.59996461	0.00931964
514.09996457	0.01867003
514.59996454	0.00931964
515.09996450	0.00000000
515.59996447	0.00931964
516.09996444	0.01867003
516.59996440	0.00931964
517.09996437	0.01867003
517.59996433	0.00931964
518.09996430	0.00000000
518.59996426	0.01867003
519.09996423	0.00000000
519.59996419	0.00000000
520.09996416	0.00000000
520.59996413	-0.00931964
521.09996409	0.00000000
521.59996406	-0.00931964
522.09996402	-0.01867003
522.59996399	-0.00931964
523.09996395	-0.00931964
523.59996392	-0.01867003
524.09996388	-0.01867003
524.59996385	-0.00931964
525.09996382	-0.00931964
525.59996378	-0.00931964
526.09996375	-0.00931964
526.59996371	-0.02798967
527.09996368	-0.00931964
527.59996364	-0.00931964
528.09996361	-0.00931964
528.59996357	0.00000000
529.09996354	0.00000000
529.59996351	0.00000000
530.09996347	0.00931964
530.59996344	-0.00931964
531.09996340	0.00931964
531.59996337	0.01867003
532.09996333	0.00931964
532.59996330	0.00931964
533.09996326	0.01867003
533.59996323	0.00931964
534.09996320	0.01867003
534.59996316	0.00931964
535.09996313	0.00931964
535.59996309	0.00931964
536.09996306	0.01867003
536.59996302	0.01867003
537.09996299	0.00931964
537.59996295	0.00000000
538.09996292	0.00931964
538.59996289	0.00931964
539.09996285	-0.00931964
539.59996282	-0.00931964
540.09996278	0.00931964
540.59996275	0.00000000
541.09996271	-0.00931964
541.59996268	-0.01867003
542.09996264	-0.00931964
542.59996261	-0.00931964
543.09996258	-0.00931964
543.59996254	-0.00931964
544.09996251	-0.01867003
544.59996247	-0.01867003
545.09996244	-0.00931964
545.59996240	-0.00931964
546.09996237	-0.02798967
546.59996233	-0.01867003
547.09996230	-0.00931964
547.59996226	-0.00931964
548.09996223	0.00000000
548.59996220	0.00000000
549.09996216	0.00000000
549.59996213	0.00931964
550.09996209	0.00000000
550.59996206	0.00000000
551.09996202	0.00931964
551.59996199	0.00931964
552.09996195	0.00931964
552.59996192	0.00931964
553.09996189	0.00000000
553.59996185	0.00931964
554.09996182	0.01867003
554.59996178	0.00000000
555.09996175	0.00931964
555.59996171	0.01867003
556.09996168	0.01867003
556.59996164	0.00931964
557.09996161	0.01867003
557.59996158	0.00931964
558.09996154	0.00000000
558.59996151	0.00000000
559.09996147	-0.00931964
559.59996144	0.00000000
560.09996140	0.00931964
560.59996137	-0.00931964
561.09996133	0.00000000
561.59996130	-0.01867003
562.09996127	-0.00931964
562.59996123	0.00000000
563.09996120	-0.00931964
563.59996116	-0.00931964
564.09996113	-0.00931964
564.59996109	-0.01867003
565.09996106	-0.00931964
565.59996102	-0.01867003
566.09996099	-0.01867003
566.59996096	-0.00931964
567.09996092	-0.01867003
567.59996089	0.00000000
568.09996085	-0.03734006
568.59996082	-0.00931964
569.09996078	0.00000000
569.59996075	0.00000000
570.09996071	-0.01867003
570.59996068	0.00931964
571.09996065	0.00931964
571.59996061	0.00931964
572.09996058	0.00931964
572.59996054	0.01867003
573.09996051	0.00931964
573.59996047	0.00931964
574.09996044	0.01867003
574.59996040	0.00931964
575.09996037	0.00000000
575.59996034	0.01867003
576.09996030	0.00931964
576.59996027	0.02798967
577.09996023	0.00931964
577.59996020	0.00931964
578.09996016	0.00000000
578.59996013	0.00000000
579.09996009	-0.00931964
579.59996006	0.00931964
580.09996003	0.00000000
580.59995999	-0.00931964
581.09995996	0.00000000
581.59995992	0.00000000
582.09995989	-0.00931964
582.59995985	-0.00931964
583.09995982	-0.00931964
583.59995978	-0.00931964
584.09995975	-0.01867003
584.59995971	-0.01867003
585.09995968	-0.00931964
585.59995965	-0.02798967
586.09995961	-0.01867003
586.59995958	-0.00931964
587.09995954	-0.00931964
587.59995951	0.00000000
588.09995947	0.00000000
588.59995944	-0.00931964
589.09995940	0.00000000
589.59995937	0.00000000
590.09995934	0.00000000
590.59995930	0.00000000
591.09995927	0.00931964
591.59995923	0.00931964
592.09995920	0.00931964
592.59995916	0.00000000
593.09995913	0.01867003
593.59995909	0.00931964
594.09995906	0.00931964
594.59995903	0.00931964
595.09995899	0.01867003
595.59995896	0.00931964
596.09995892	0.01867003
596.59995889	0.01867003
597.09995885	0.01867003
597.59995882	0.00931964
598.09995878	0.00000000
598.59995875	0.00931964
599.09995872	0.00000000
599.59995868	0.00000000
600.09995865	0.00000000
600.59995861	0.00000000
601.09995858	-0.01867003
601.59995854	-0.00931964
602.09995851	-0.01867003
602.59995847	-0.00931964
603.09995844	-0.00931964
603.59995841	-0.00931964
604.09995837	-0.00931964
604.59995834	-0.00931964
605.09995830	-0.01867003
605.59995827	-0.00931964
606.09995823	-0.01867003
606.59995820	-0.01867003
607.09995816	-0.00931964
607.59995813	-0.00931964
608.09995810	0.00000000
608.59995806	-0.00931964
609.09995803	0.00000000
609.59995799	-0.00931964
610.09995796	0.00000000
610.59995792	0.00931964
611.09995789	0.00931964
611.59995785	0.00931964
612.09995782	0.00931964
612.59995779	0.00931964
613.09995775	0.00931964
613.59995772	0.00000000
614.09995768	0.01867003
614.59995765	0.01867003
615.09995761	0.01867003
615.59995758	0.01867003
616.09995754	0.01867003
616.59995751	0.00931964
617.09995748	0.01867003
617.59995744	0.00931964
