Baggrundsmåling
0.1 V
0.5 mm slit
Laserintensitet gennem dielektrika: p-polarizaion: 1.79 V, s-polarization: 1.79 V

I-vinkel, T-vinkel, Tp-intensitet, Ts-intensitet, Rp-intensitet, Rs-intensitet

90, 0, 1.347, 1.214, 0.1, 0.1
85, 46, 1.005, 0.561, 0.753, 0.837
84, 45, 1.376, 0.798,
83, 43, 1.189, 0.739,
82, 42, 1.991, 1.181,
81, 41, 2.52, 1.543, 
80, 37, 2.33, 1.49, 0.329, 0.607
75, 33, 1.726, 1.12, 0.177, 0.478
70, 30, 2.158, 1.567, 0.105 ,0.432
65, 27, 2.599, 1.97, 0.065 ,0.264
60, 24, 2.788, 2.169, 0.056 ,0.251
50, 18.5 , 1.648 , 1.483 , 0.055, 0.157
30, 10, 1.631, 1.531, 0.1, 0.1 