0.00000000	0.56972810
0.01000000	0.56972810
0.02000000	0.56972810
0.03000000	0.56037770
0.04000000	0.56972810
0.05000000	0.56972810
0.06000000	0.56972810
0.07000000	0.56972810
0.08000000	0.56972810
0.09000000	0.56972810
0.10000000	0.56972810
0.11000000	0.57904770
0.12000000	0.56972810
0.13000000	0.57904770
0.14000000	0.57904770
0.15000000	0.57904770
0.16000000	0.57904770
0.17000000	0.56972810
0.18000000	0.57904770
0.19000000	0.56972810
0.19999999	0.56972810
0.20999999	0.56972810
0.21999999	0.57904770
0.22999999	0.57904770
0.23999999	0.60706820
0.24999999	0.56972810
0.25999999	0.57904770
0.26999999	0.57904770
0.27999999	0.56972810
0.28999999	0.57904770
0.29999999	0.56972810
0.30999999	0.56972810
0.31999999	0.57904770
0.32999999	0.56972810
0.33999999	0.56972810
0.34999999	0.57904770
0.35999999	0.56972810
0.36999999	0.57904770
0.37999999	0.56972810
0.38999999	0.56972810
0.39999999	0.56972810
0.40999999	0.57904770
0.41999999	0.57904770
0.42999999	0.57904770
0.43999999	0.58839810
0.44999999	0.57904770
0.45999999	0.58839810
0.46999999	0.57904770
0.47999999	0.57904770
0.48999999	0.56972810
0.49999999	0.56972810
0.50999999	0.57904770
0.51999999	0.55102730
0.52999999	0.57904770
0.53999999	0.56972810
0.54999999	0.56972810
0.55999999	0.56972810
0.56999999	0.58839810
0.57999999	0.57904770
0.58999999	0.57904770
0.59999998	0.57904770
0.60999998	0.57904770
0.61999998	0.56972810
0.62999998	0.56972810
0.63999998	0.57904770
0.64999998	0.56972810
0.65999998	0.57904770
0.66999998	0.56972810
0.67999998	0.57904770
0.68999998	0.56972810
0.69999998	0.56972810
0.70999998	0.56972810
0.71999998	0.56972810
0.72999998	0.56972810
0.73999998	0.56972810
0.74999998	0.56972810
0.75999998	0.57904770
0.76999998	0.56972810
0.77999998	0.56972810
0.78999998	0.57904770
0.79999998	0.56972810
0.80999998	0.56037770
0.81999998	0.57904770
0.82999998	0.56972810
0.83999998	0.57904770
0.84999998	0.56037770
0.85999998	0.56972810
0.86999998	0.56972810
0.87999998	0.56972810
0.88999998	0.56972810
0.89999998	0.57904770
0.90999998	0.56972810
0.91999998	0.56972810
0.92999998	0.56972810
0.93999998	0.57904770
0.94999998	0.58839810
0.95999998	0.57904770
0.96999998	0.56972810
0.97999998	0.57904770
0.98999997	0.56972810
0.99999997	0.57904770
1.00999997	0.56972810
1.01999997	0.56972810
1.02999997	0.57904770
1.03999997	0.56972810
1.04999997	0.57904770
1.05999997	0.57904770
1.06999997	0.57904770
1.07999997	0.56972810
1.08999997	0.56972810
1.09999997	0.57904770
1.10999997	0.56972810
1.11999997	0.56972810
1.12999997	0.57904770
1.13999997	0.56972810
1.14999997	0.56972810
1.15999997	0.57904770
1.16999997	0.57904770
1.17999997	0.57904770
1.18999997	0.56972810
1.19999997	0.57904770
1.20999997	0.56972810
1.21999997	0.57904770
1.22999997	0.57904770
1.23999997	0.57904770
1.24999997	0.56972810
1.25999997	0.56972810
1.26999997	0.56972810
1.27999997	0.56972810
1.28999997	0.56972810
1.29999997	0.56972810
1.30999997	0.57904770
1.31999997	0.57904770
1.32999997	0.59774850
1.33999997	0.56972810
1.34999997	0.56972810
1.35999997	0.56972810
1.36999997	0.56972810
1.37999997	0.56972810
1.38999996	0.56972810
1.39999996	0.56972810
1.40999996	0.56972810
1.41999996	0.56972810
1.42999996	0.56972810
1.43999996	0.57904770
1.44999996	0.57904770
1.45999996	0.56972810
1.46999996	0.57904770
1.47999996	0.56972810
1.48999996	0.56037770
1.49999996	0.56972810
1.50999996	0.56972810
1.51999996	0.56972810
1.52999996	0.56972810
1.53999996	0.56972810
1.54999996	0.56972810
1.55999996	0.57904770
1.56999996	0.56972810
1.57999996	0.57904770
1.58999996	0.57904770
1.59999996	0.56972810
1.60999996	0.57904770
1.61999996	0.57904770
1.62999996	0.57904770
1.63999996	0.57904770
1.64999996	0.56972810
1.65999996	0.58839810
1.66999996	0.55102730
1.67999996	0.56972810
1.68999996	0.55102730
1.69999996	0.56972810
1.70999996	0.57904770
1.71999996	0.57904770
1.72999996	0.59774850
1.73999996	0.56037770
1.74999996	0.56972810
1.75999996	0.56037770
1.76999996	0.56972810
1.77999996	0.58839810
1.78999995	0.57904770
1.79999995	0.57904770
1.80999995	0.56972810
1.81999995	0.56972810
1.82999995	0.56972810
1.83999995	0.56972810
1.84999995	0.56972810
1.85999995	0.57904770
1.86999995	0.57904770
1.87999995	0.57904770
1.88999995	0.56972810
1.89999995	0.56972810
1.90999995	0.56972810
1.91999995	0.56972810
1.92999995	0.57904770
1.93999995	0.57904770
1.94999995	0.56972810
1.95999995	0.57904770
1.96999995	0.56972810
1.97999995	0.57904770
1.98999995	0.56972810
1.99999995	0.56972810
2.00999995	0.56972810
2.01999995	0.56972810
2.02999995	0.57904770
2.03999995	0.57904770
2.04999995	0.56972810
2.05999995	0.56972810
2.06999995	0.56972810
2.07999995	0.55102730
2.08999995	0.56972810
2.09999995	0.57904770
2.10999995	0.57904770
2.11999995	0.57904770
2.12999995	0.56037770
2.13999995	0.56972810
2.14999995	0.58839810
2.15999995	0.55102730
2.16999995	0.57904770
2.17999994	0.56972810
2.18999994	0.56972810
2.19999994	0.56972810
2.20999994	0.58839810
2.21999994	0.57904770
2.22999994	0.57904770
2.23999994	0.56972810
2.24999994	0.56972810
2.25999994	0.56037770
2.26999994	0.56972810
2.27999994	0.56972810
2.28999994	0.56972810
2.29999994	0.56972810
2.30999994	0.56972810
2.31999994	0.56972810
2.32999994	0.56972810
2.33999994	0.57904770
2.34999994	0.56972810
2.35999994	0.56972810
2.36999994	0.57904770
2.37999994	0.57904770
2.38999994	0.57904770
2.39999994	0.58839810
2.40999994	0.57904770
2.41999994	0.56972810
2.42999994	0.56972810
2.43999994	0.56972810
2.44999994	0.56972810
2.45999994	0.56972810
2.46999994	0.56972810
2.47999994	0.56972810
2.48999994	0.57904770
2.49999994	0.56972810
2.50999994	0.56972810
2.51999994	0.56037770
2.52999994	0.56972810
2.53999994	0.57904770
2.54999994	0.56972810
2.55999994	0.56972810
2.56999994	0.56037770
2.57999993	0.56972810
2.58999993	0.56972810
2.59999993	0.56037770
2.60999993	0.56972810
2.61999993	0.56972810
2.62999993	0.56972810
2.63999993	0.56972810
2.64999993	0.56972810
2.65999993	0.56972810
2.66999993	0.56972810
2.67999993	0.56972810
2.68999993	0.56972810
2.69999993	0.56037770
2.70999993	0.56972810
2.71999993	0.56972810
2.72999993	0.56972810
2.73999993	0.57904770
2.74999993	0.56972810
2.75999993	0.57904770
2.76999993	0.57904770
2.77999993	0.56972810
2.78999993	0.56972810
2.79999993	0.57904770
2.80999993	0.57904770
2.81999993	0.56972810
2.82999993	0.56972810
2.83999993	0.56972810
2.84999993	0.56972810
2.85999993	0.56972810
2.86999993	0.56972810
2.87999993	0.58839810
2.88999993	0.59774850
2.89999993	0.56972810
2.90999993	0.57904770
2.91999993	0.57904770
2.92999993	0.57904770
2.93999993	0.55102730
2.94999993	0.56972810
2.95999993	0.56972810
2.96999992	0.56972810
2.97999992	0.56972810
2.98999992	0.56972810
2.99999992	0.56972810
3.00999992	0.65375860
3.01999992	0.56972810
3.02999992	0.56972810
3.03999992	0.56972810
3.04999992	0.56972810
3.05999992	0.56972810
3.06999992	0.57904770
3.07999992	0.56972810
3.08999992	0.57904770
3.09999992	0.58839810
3.10999992	0.56972810
3.11999992	0.56972810
3.12999992	0.56972810
3.13999992	0.57904770
3.14999992	0.57904770
3.15999992	0.57904770
3.16999992	0.56972810
3.17999992	0.56972810
3.18999992	0.57904770
3.19999992	0.56972810
3.20999992	0.56972810
3.21999992	0.57904770
3.22999992	0.57904770
3.23999992	0.56972810
3.24999992	0.56972810
3.25999992	0.56972810
3.26999992	0.56972810
3.27999992	0.56972810
3.28999992	0.56972810
3.29999992	0.56972810
3.30999992	0.56972810
3.31999992	0.56972810
3.32999992	0.57904770
3.33999992	0.56972810
3.34999992	0.56972810
3.35999992	0.56972810
3.36999991	0.60706820
3.37999991	0.56972810
3.38999991	0.56972810
3.39999991	0.56972810
3.40999991	0.57904770
3.41999991	0.56972810
3.42999991	0.56037770
3.43999991	0.56972810
3.44999991	0.53235730
3.45999991	0.57904770
3.46999991	0.56972810
3.47999991	0.56972810
3.48999991	0.56972810
3.49999991	0.56972810
3.50999991	0.57904770
3.51999991	0.56972810
3.52999991	0.57904770
3.53999991	0.56972810
3.54999991	0.56972810
3.55999991	0.56972810
3.56999991	0.56972810
3.57999991	0.57904770
3.58999991	0.56972810
3.59999991	0.59774850
3.60999991	0.56972810
3.61999991	0.56972810
3.62999991	0.57904770
3.63999991	0.56972810
3.64999991	0.56972810
3.65999991	0.56972810
3.66999991	0.56972810
3.67999991	0.57904770
3.68999991	0.57904770
3.69999991	0.56972810
3.70999991	0.56972810
3.71999991	0.56972810
3.72999991	0.57904770
3.73999991	0.56972810
3.74999991	0.56972810
3.75999991	0.55102730
3.76999990	0.57904770
3.77999990	0.56972810
3.78999990	0.57904770
3.79999990	0.56037770
3.80999990	0.56972810
3.81999990	0.56972810
3.82999990	0.56972810
3.83999990	0.57904770
3.84999990	0.56972810
3.85999990	0.57904770
3.86999990	0.56972810
3.87999990	0.57904770
3.88999990	0.57904770
3.89999990	0.56972810
3.90999990	0.56037770
3.91999990	0.56972810
3.92999990	0.56972810
3.93999990	0.56972810
3.94999990	0.56972810
3.95999990	0.57904770
3.96999990	0.56972810
3.97999990	0.56972810
3.98999990	0.56972810
3.99999990	0.57904770
4.00999990	0.57904770
4.01999990	0.56972810
4.02999990	0.56037770
4.03999990	0.56972810
4.04999990	0.56972810
4.05999990	0.56972810
4.06999990	0.56972810
4.07999990	0.56972810
4.08999990	0.56972810
4.09999990	0.57904770
4.10999990	0.57904770
4.11999990	0.56972810
4.12999990	0.57904770
4.13999990	0.57904770
4.14999990	0.59774850
4.15999989	0.56972810
4.16999989	0.56972810
4.17999989	0.56972810
4.18999989	0.56972810
4.19999989	0.59774850
4.20999989	0.56972810
4.21999989	0.57904770
4.22999989	0.56972810
4.23999989	0.56972810
4.24999989	0.56972810
4.25999989	0.57904770
4.26999989	0.56972810
4.27999989	0.56972810
4.28999989	0.57904770
4.29999989	0.56972810
4.30999989	0.56972810
4.31999989	0.56037770
4.32999989	0.56972810
4.33999989	0.56972810
4.34999989	0.56972810
4.35999989	0.56037770
4.36999989	0.57904770
4.37999989	0.56972810
4.38999989	0.56972810
4.39999989	0.56972810
4.40999989	0.56972810
4.41999989	0.56972810
4.42999989	0.56972810
4.43999989	0.57904770
4.44999989	0.56972810
4.45999989	0.56972810
4.46999989	0.56972810
4.47999989	0.56972810
4.48999989	0.56972810
4.49999989	0.56972810
4.50999989	0.58839810
4.51999989	0.57904770
4.52999989	0.56972810
4.53999989	0.56972810
4.54999989	0.57904770
4.55999988	0.57904770
4.56999988	0.56037770
4.57999988	0.54170770
4.58999988	0.57904770
4.59999988	0.56972810
4.60999988	0.56972810
4.61999988	0.56972810
4.62999988	0.56972810
4.63999988	0.59774850
4.64999988	0.56972810
4.65999988	0.56972810
4.66999988	0.56972810
4.67999988	0.57904770
4.68999988	0.56972810
4.69999988	0.56972810
4.70999988	0.56972810
4.71999988	0.56972810
4.72999988	0.56972810
4.73999988	0.57904770
4.74999988	0.56972810
4.75999988	0.57904770
4.76999988	0.57904770
4.77999988	0.57904770
4.78999988	0.56972810
4.79999988	0.56972810
4.80999988	0.56972810
4.81999988	0.56972810
4.82999988	0.57904770
4.83999988	0.57904770
4.84999988	0.56972810
4.85999988	0.57904770
4.86999988	0.56972810
4.87999988	0.57904770
4.88999988	0.56972810
4.89999988	0.56972810
4.90999988	0.56972810
4.91999988	0.57904770
4.92999988	0.58839810
4.93999988	0.57904770
4.94999987	0.54170770
4.95999987	0.57904770
4.96999987	0.56972810
4.97999987	0.57904770
4.98999987	0.56972810
4.99999987	0.56972810
5.00999987	0.56972810
5.01999987	0.56972810
5.02999987	0.56972810
5.03999987	0.56972810
5.04999987	0.56972810
5.05999987	0.56972810
5.06999987	0.55102730
5.07999987	0.56972810
5.08999987	0.56972810
5.09999987	0.56972810
5.10999987	0.56972810
5.11999987	0.56972810
5.12999987	0.56972810
5.13999987	0.56972810
5.14999987	0.56972810
5.15999987	0.56972810
5.16999987	0.56972810
5.17999987	0.56972810
5.18999987	0.57904770
5.19999987	0.56972810
5.20999987	0.57904770
5.21999987	0.56972810
5.22999987	0.56972810
5.23999987	0.57904770
5.24999987	0.57904770
5.25999987	0.57904770
5.26999987	0.56972810
5.27999987	0.56972810
5.28999987	0.57904770
5.29999987	0.57904770
5.30999987	0.56972810
5.31999987	0.57904770
5.32999987	0.56972810
5.33999987	0.56972810
5.34999986	0.56972810
5.35999986	0.56037770
5.36999986	0.56972810
5.37999986	0.56972810
5.38999986	0.56972810
5.39999986	0.56972810
5.40999986	0.56972810
5.41999986	0.56972810
5.42999986	0.56972810
5.43999986	0.57904770
5.44999986	0.57904770
5.45999986	0.56037770
5.46999986	0.56972810
5.47999986	0.57904770
5.48999986	0.56972810
5.49999986	0.56972810
5.50999986	0.57904770
5.51999986	0.56972810
5.52999986	0.56972810
5.53999986	0.56972810
5.54999986	0.57904770
5.55999986	0.57904770
5.56999986	0.57904770
5.57999986	0.57904770
5.58999986	0.56972810
5.59999986	0.56972810
5.60999986	0.57904770
5.61999986	0.57904770
5.62999986	0.56972810
5.63999986	0.56972810
5.64999986	0.56972810
5.65999986	0.57904770
5.66999986	0.57904770
5.67999986	0.56972810
5.68999986	0.57904770
5.69999986	0.56972810
5.70999986	0.56972810
5.71999986	0.57904770
5.72999986	0.56972810
5.73999985	0.56972810
5.74999985	0.56972810
5.75999985	0.56972810
5.76999985	0.56972810
5.77999985	0.56972810
5.78999985	0.58839810
5.79999985	0.56972810
5.80999985	0.57904770
5.81999985	0.57904770
5.82999985	0.56972810
5.83999985	0.56972810
5.84999985	0.54170770
5.85999985	0.57904770
5.86999985	0.57904770
5.87999985	0.56972810
5.88999985	0.56972810
5.89999985	0.57904770
5.90999985	0.57904770
5.91999985	0.57904770
5.92999985	0.57904770
5.93999985	0.56972810
5.94999985	0.56972810
5.95999985	0.57904770
5.96999985	0.57904770
5.97999985	0.56972810
5.98999985	0.56972810
5.99999985	0.57904770
6.00999985	0.58839810
6.01999985	0.56972810
6.02999985	0.57904770
6.03999985	0.56972810
6.04999985	0.56972810
6.05999985	0.56972810
6.06999985	0.57904770
6.07999985	0.56972810
6.08999985	0.56972810
6.09999985	0.56972810
6.10999985	0.56972810
6.11999985	0.56972810
6.12999985	0.56972810
6.13999984	0.56972810
6.14999984	0.56972810
6.15999984	0.56972810
6.16999984	0.56972810
6.17999984	0.56972810
6.18999984	0.56972810
6.19999984	0.56972810
6.20999984	0.56972810
6.21999984	0.57904770
6.22999984	0.56972810
6.23999984	0.56037770
6.24999984	0.57904770
6.25999984	0.56972810
6.26999984	0.56972810
6.27999984	0.58839810
6.28999984	0.57904770
6.29999984	0.56972810
6.30999984	0.57904770
6.31999984	0.57904770
6.32999984	0.56037770
6.33999984	0.57904770
6.34999984	0.56972810
6.35999984	0.57904770
6.36999984	0.56972810
6.37999984	0.56972810
6.38999984	0.56972810
6.39999984	0.57904770
6.40999984	0.57904770
6.41999984	0.57904770
6.42999984	0.56972810
6.43999984	0.56972810
6.44999984	0.56972810
6.45999984	0.56972810
6.46999984	0.56972810
6.47999984	0.56972810
6.48999984	0.56972810
6.49999984	0.56972810
6.50999984	0.56037770
6.51999984	0.57904770
6.52999984	0.57904770
6.53999983	0.57904770
6.54999983	0.56972810
6.55999983	0.56972810
6.56999983	0.58839810
6.57999983	0.56037770
6.58999983	0.57904770
6.59999983	0.56972810
6.60999983	0.56972810
6.61999983	0.57904770
6.62999983	0.57904770
6.63999983	0.56972810
6.64999983	0.56972810
6.65999983	0.56972810
6.66999983	0.56972810
6.67999983	0.56972810
6.68999983	0.56972810
6.69999983	0.56972810
6.70999983	0.56972810
6.71999983	0.57904770
6.72999983	0.56972810
6.73999983	0.56972810
6.74999983	0.56972810
6.75999983	0.56972810
6.76999983	0.56972810
6.77999983	0.57904770
6.78999983	0.56972810
6.79999983	0.57904770
6.80999983	0.57904770
6.81999983	0.56972810
6.82999983	0.57904770
6.83999983	0.56972810
6.84999983	0.56972810
6.85999983	0.57904770
6.86999983	0.56972810
6.87999983	0.56972810
6.88999983	0.57904770
6.89999983	0.56037770
6.90999983	0.58839810
6.91999983	0.57904770
6.92999982	0.56972810
6.93999982	0.63508860
6.94999982	0.56972810
6.95999982	0.56037770
6.96999982	0.57904770
6.97999982	0.57904770
6.98999982	0.56972810
6.99999982	0.54170770
7.00999982	0.56972810
7.01999982	0.57904770
7.02999982	0.56972810
7.03999982	0.56972810
7.04999982	0.56972810
7.05999982	0.60706820
7.06999982	0.56972810
7.07999982	0.56972810
7.08999982	0.56972810
7.09999982	0.57904770
7.10999982	0.56972810
7.11999982	0.57904770
7.12999982	0.56972810
7.13999982	0.56972810
7.14999982	0.57904770
7.15999982	0.56972810
7.16999982	0.56972810
7.17999982	0.56972810
7.18999982	0.57904770
7.19999982	0.56972810
7.20999982	0.57904770
7.21999982	0.56972810
7.22999982	0.56972810
7.23999982	0.56972810
7.24999982	0.57904770
7.25999982	0.56972810
7.26999982	0.56972810
7.27999982	0.57904770
7.28999982	0.56972810
7.29999982	0.57904770
7.30999982	0.57904770
7.31999982	0.57904770
7.32999981	0.56972810
7.33999981	0.56972810
7.34999981	0.57904770
7.35999981	0.56972810
7.36999981	0.56972810
7.37999981	0.56972810
7.38999981	0.56972810
7.39999981	0.57904770
7.40999981	0.57904770
7.41999981	0.57904770
7.42999981	0.56972810
7.43999981	0.56972810
7.44999981	0.57904770
7.45999981	0.56972810
7.46999981	0.56972810
7.47999981	0.57904770
7.48999981	0.54170770
7.49999981	0.57904770
7.50999981	0.55102730
7.51999981	0.56972810
7.52999981	0.56972810
7.53999981	0.57904770
7.54999981	0.58839810
7.55999981	0.57904770
7.56999981	0.57904770
7.57999981	0.56972810
7.58999981	0.56972810
7.59999981	0.56972810
7.60999981	0.56972810
7.61999981	0.56972810
7.62999981	0.57904770
7.63999981	0.57904770
7.64999981	0.56972810
7.65999981	0.57904770
7.66999981	0.57904770
7.67999981	0.57904770
7.68999981	0.57904770
7.69999981	0.56972810
7.70999981	0.57904770
7.71999980	0.57904770
7.72999980	0.56972810
7.73999980	0.57904770
7.74999980	0.56972810
7.75999980	0.56972810
7.76999980	0.56972810
7.77999980	0.59774850
7.78999980	0.56972810
7.79999980	0.57904770
7.80999980	0.56972810
7.81999980	0.56037770
7.82999980	0.57904770
7.83999980	0.56972810
7.84999980	0.56972810
7.85999980	0.56972810
7.86999980	0.56972810
7.87999980	0.56972810
7.88999980	0.57904770
7.89999980	0.56972810
7.90999980	0.56972810
7.91999980	0.56972810
7.92999980	0.57904770
7.93999980	0.57904770
7.94999980	0.56972810
7.95999980	0.56972810
7.96999980	0.56972810
7.97999980	0.56972810
7.98999980	0.56972810
7.99999980	0.57904770
8.00999980	0.56972810
8.01999980	0.56972810
8.02999980	0.58839810
8.03999980	0.59774850
8.04999980	0.56972810
8.05999980	0.57904770
8.06999980	0.57904770
8.07999980	0.56972810
8.08999980	0.56972810
8.09999980	0.56972810
8.10999980	0.56972810
8.11999979	0.56972810
8.12999979	0.57904770
8.13999979	0.56972810
8.14999979	0.56972810
8.15999979	0.56972810
8.16999979	0.56972810
8.17999979	0.56972810
8.18999979	0.56972810
8.19999979	0.56037770
8.20999979	0.57904770
8.21999979	0.56972810
8.22999979	0.57904770
8.23999979	0.57904770
8.24999979	0.57904770
8.25999979	0.56972810
8.26999979	0.55102730
8.27999979	0.56972810
8.28999979	0.57904770
8.29999979	0.56972810
8.30999979	0.57904770
8.31999979	0.56972810
8.32999979	0.56972810
8.33999979	0.56972810
8.34999979	0.56972810
8.35999979	0.57904770
8.36999979	0.57904770
8.37999979	0.56972810
8.38999979	0.56972810
8.39999979	0.57904770
8.40999979	0.57904770
8.41999979	0.56972810
8.42999979	0.56972810
8.43999979	0.57904770
8.44999979	0.56972810
8.45999979	0.57904770
8.46999979	0.57904770
8.47999979	0.56972810
8.48999979	0.55102730
8.49999979	0.56972810
8.50999979	0.57904770
8.51999978	0.57904770
8.52999978	0.56972810
8.53999978	0.56972810
8.54999978	0.56972810
8.55999978	0.56972810
8.56999978	0.56972810
8.57999978	0.56972810
8.58999978	0.56972810
8.59999978	0.57904770
8.60999978	0.56972810
8.61999978	0.56972810
8.62999978	0.57904770
8.63999978	0.57904770
8.64999978	0.56972810
8.65999978	0.57904770
8.66999978	0.57904770
8.67999978	0.57904770
8.68999978	0.56037770
8.69999978	0.59774850
8.70999978	0.56972810
8.71999978	0.57904770
8.72999978	0.56972810
8.73999978	0.56972810
8.74999978	0.57904770
8.75999978	0.55102730
8.76999978	0.56972810
8.77999978	0.56972810
8.78999978	0.57904770
8.79999978	0.56972810
8.80999978	0.56972810
8.81999978	0.56972810
8.82999978	0.56037770
8.83999978	0.56972810
8.84999978	0.56972810
8.85999978	0.56972810
8.86999978	0.57904770
8.87999978	0.56972810
8.88999978	0.57904770
8.89999978	0.57904770
8.90999977	0.56972810
8.91999977	0.56972810
8.92999977	0.55102730
8.93999977	0.57904770
8.94999977	0.56972810
8.95999977	0.57904770
8.96999977	0.56972810
8.97999977	0.55102730
8.98999977	0.57904770
8.99999977	0.56972810
9.00999977	0.56037770
9.01999977	0.56037770
9.02999977	0.56037770
9.03999977	0.56972810
9.04999977	0.56972810
9.05999977	0.59774850
9.06999977	0.56972810
9.07999977	0.57904770
9.08999977	0.56972810
9.09999977	0.56972810
9.10999977	0.57904770
9.11999977	0.57904770
9.12999977	0.56972810
9.13999977	0.56972810
9.14999977	0.56972810
9.15999977	0.56972810
9.16999977	0.57904770
9.17999977	0.56972810
9.18999977	0.56972810
9.19999977	0.57904770
9.20999977	0.58839810
9.21999977	0.58839810
9.22999977	0.57904770
9.23999977	0.56037770
9.24999977	0.53235730
9.25999977	0.56972810
9.26999977	0.57904770
9.27999977	0.56972810
9.28999977	0.57904770
9.29999977	0.56972810
9.30999976	0.57904770
9.31999976	0.56972810
9.32999976	0.56972810
9.33999976	0.56972810
9.34999976	0.57904770
9.35999976	0.56972810
9.36999976	0.57904770
9.37999976	0.56972810
9.38999976	0.56972810
9.39999976	0.56972810
9.40999976	0.56037770
9.41999976	0.56972810
9.42999976	0.56972810
9.43999976	0.57904770
9.44999976	0.57904770
9.45999976	0.56972810
9.46999976	0.57904770
9.47999976	0.58839810
9.48999976	0.56972810
9.49999976	0.57904770
9.50999976	0.56972810
9.51999976	0.54170770
9.52999976	0.57904770
9.53999976	0.56972810
9.54999976	0.56972810
9.55999976	0.56972810
9.56999976	0.56972810
9.57999976	0.56972810
9.58999976	0.57904770
9.59999976	0.54170770
9.60999976	0.56972810
9.61999976	0.57904770
9.62999976	0.57904770
9.63999976	0.56972810
9.64999976	0.56972810
9.65999976	0.56972810
9.66999976	0.56972810
9.67999976	0.56972810
9.68999976	0.56972810
9.69999975	0.57904770
9.70999975	0.56972810
9.71999975	0.56972810
9.72999975	0.56972810
9.73999975	0.57904770
9.74999975	0.56972810
9.75999975	0.56972810
9.76999975	0.56972810
9.77999975	0.56972810
9.78999975	0.57904770
9.79999975	0.56972810
9.80999975	0.56972810
9.81999975	0.56972810
9.82999975	0.57904770
9.83999975	0.57904770
9.84999975	0.57904770
9.85999975	0.55102730
9.86999975	0.56972810
9.87999975	0.56972810
9.88999975	0.56972810
9.89999975	0.57904770
9.90999975	0.59774850
9.91999975	0.57904770
9.92999975	0.56972810
9.93999975	0.57904770
9.94999975	0.56972810
9.95999975	0.56972810
9.96999975	0.59774850
9.97999975	0.56972810
9.98999975	0.56037770
9.99999975	0.56972810
10.00999975	0.56972810
10.01999975	0.57904770
10.02999975	0.56972810
