0.000 0.671 0.135
0.033 0.661 0.144
0.067 0.652 0.152
0.100 0.642 0.159
0.133 0.631 0.168
0.167 0.622 0.175
0.200 0.612 0.183
0.233 0.601 0.192
0.267 0.592 0.198
0.300 0.581 0.207
0.333 0.571 0.215
0.367 0.561 0.222
0.400 0.550 0.231
0.433 0.540 0.238
0.467 0.530 0.246
0.500 0.518 0.254
0.533 0.508 0.261
0.567 0.498 0.269
0.600 0.487 0.277
0.633 0.477 0.284
0.667 0.466 0.293
0.700 0.455 0.300
0.733 0.445 0.308
0.767 0.434 0.317
0.800 0.423 0.323
0.833 0.413 0.331
0.867 0.402 0.340
0.900 0.397 0.347
0.933 0.392 0.356
0.967 0.388 0.364
1.000 0.384 0.371
1.033 0.378 0.381
1.067 0.374 0.389
1.100 0.369 0.398
1.133 0.364 0.409
1.167 0.359 0.417
1.200 0.354 0.427
1.233 0.348 0.437
1.267 0.343 0.446
1.300 0.337 0.457
1.333 0.332 0.467
1.367 0.326 0.477
1.400 0.319 0.489
1.433 0.313 0.498
