0.000 0.684 0.167
0.033 0.674 0.176
0.067 0.664 0.183
0.100 0.655 0.190
0.133 0.644 0.199
0.167 0.633 0.207
0.200 0.623 0.215
0.233 0.612 0.224
0.267 0.602 0.231
0.300 0.592 0.238
0.333 0.581 0.247
0.367 0.570 0.254
0.400 0.559 0.263
0.433 0.548 0.271
0.467 0.538 0.278
0.500 0.526 0.287
0.533 0.516 0.293
0.567 0.505 0.301
0.600 0.493 0.310
0.633 0.481 0.317
0.667 0.472 0.325
0.700 0.462 0.333
0.733 0.451 0.339
0.767 0.440 0.348
0.800 0.428 0.356
0.833 0.417 0.364
0.867 0.406 0.373
0.900 0.398 0.380
0.933 0.391 0.388
0.967 0.384 0.397
1.000 0.378 0.404
1.033 0.370 0.413
1.067 0.363 0.421
1.100 0.347 0.425
1.133 0.348 0.438
1.167 0.332 0.440
1.200 0.325 0.448
1.233 0.319 0.457
1.267 0.313 0.464
1.300 0.304 0.471
1.333 0.297 0.479
1.367 0.291 0.486
1.400 0.284 0.496
1.433 0.277 0.501
