0.000 0.348 0.345
0.033 0.348 0.344
0.067 0.347 0.345
0.100 0.347 0.345
0.133 0.346 0.345
0.167 0.345 0.346
0.200 0.345 0.345
0.233 0.344 0.346
0.267 0.343 0.347
0.300 0.343 0.346
0.333 0.342 0.347
0.367 0.342 0.346
0.400 0.341 0.347
0.433 0.340 0.348
0.467 0.340 0.346
0.500 0.339 0.347
0.533 0.338 0.348
0.567 0.338 0.347
0.600 0.337 0.348
0.633 0.337 0.347
0.667 0.336 0.347
0.700 0.335 0.348
0.733 0.335 0.346
0.767 0.333 0.348
0.800 0.333 0.347
0.833 0.332 0.347
0.867 0.331 0.348
0.900 0.328 0.347
0.933 0.323 0.347
0.967 0.318 0.347
1.000 0.314 0.346
1.033 0.308 0.347
1.067 0.304 0.345
1.100 0.299 0.345
1.133 0.294 0.346
1.167 0.289 0.344
1.200 0.284 0.345
1.233 0.279 0.344
1.267 0.275 0.343
1.300 0.269 0.344
1.333 0.265 0.342
1.367 0.260 0.343
1.400 0.255 0.343
1.433 0.251 0.341
