0.000 0.361 0.327
0.033 0.361 0.326
0.067 0.360 0.327
0.100 0.360 0.327
0.133 0.360 0.327
0.167 0.359 0.329
0.200 0.359 0.328
0.233 0.358 0.329
0.267 0.357 0.330
0.300 0.357 0.329
0.333 0.356 0.331
0.367 0.356 0.330
0.400 0.356 0.330
0.433 0.355 0.331
0.467 0.355 0.330
0.500 0.354 0.331
0.533 0.354 0.331
0.567 0.354 0.331
0.600 0.353 0.332
0.633 0.353 0.331
0.667 0.352 0.332
0.700 0.351 0.332
0.733 0.351 0.331
0.767 0.350 0.333
0.800 0.349 0.332
0.833 0.349 0.332
0.867 0.348 0.334
0.900 0.345 0.333
0.933 0.341 0.335
0.967 0.337 0.336
1.000 0.334 0.337
1.033 0.329 0.339
1.067 0.325 0.339
1.100 0.320 0.341
1.133 0.315 0.343
1.167 0.312 0.342
1.200 0.307 0.344
1.233 0.302 0.345
1.267 0.297 0.346
1.300 0.291 0.348
1.333 0.286 0.349
1.367 0.281 0.350
1.400 0.276 0.352
1.433 0.271 0.352
