0.000 0.648 0.201
0.033 0.648 0.201
0.067 0.632 0.213
0.100 0.615 0.227
0.133 0.597 0.239
0.167 0.580 0.252
0.200 0.564 0.265
0.233 0.548 0.276
0.267 0.531 0.289
0.300 0.512 0.302
0.333 0.496 0.313
0.367 0.482 0.326
0.400 0.475 0.338
0.433 0.468 0.348
0.467 0.453 0.372
0.500 0.452 0.371
0.533 0.446 0.382
0.567 0.431 0.406
0.600 0.431 0.406
0.633 0.423 0.418
0.667 0.410 0.440
0.700 0.410 0.441
0.733 0.402 0.453
0.767 0.394 0.465
0.800 0.388 0.476
0.833 0.380 0.488
0.867 0.366 0.511
0.900 0.366 0.510
