0.000 0.639 0.168
0.033 0.639 0.168
0.067 0.622 0.180
0.100 0.603 0.195
0.133 0.585 0.207
0.167 0.568 0.220
0.200 0.549 0.234
0.233 0.532 0.247
0.267 0.513 0.260
0.300 0.495 0.274
0.333 0.478 0.286
0.367 0.463 0.300
0.400 0.455 0.311
0.433 0.448 0.322
0.467 0.432 0.346
0.500 0.432 0.346
0.533 0.425 0.358
0.567 0.410 0.381
0.600 0.410 0.381
0.633 0.402 0.393
0.667 0.387 0.416
0.700 0.387 0.416
0.733 0.379 0.430
0.767 0.371 0.441
0.800 0.364 0.452
0.833 0.356 0.465
0.867 0.340 0.489
0.900 0.340 0.489
