0.000 0.428 0.320
0.033 0.428 0.320
0.067 0.428 0.319
0.100 0.428 0.319
0.133 0.428 0.319
0.167 0.428 0.318
0.200 0.427 0.318
0.233 0.427 0.317
0.267 0.427 0.317
0.300 0.427 0.317
0.333 0.427 0.316
0.367 0.423 0.317
0.400 0.413 0.320
0.433 0.404 0.321
0.467 0.384 0.327
0.500 0.384 0.327
0.533 0.374 0.330
0.567 0.354 0.335
0.600 0.354 0.335
0.633 0.344 0.339
0.667 0.323 0.343
0.700 0.323 0.343
0.733 0.311 0.347
0.767 0.301 0.349
0.800 0.289 0.352
0.833 0.278 0.354
0.867 0.264 0.358
0.900 0.255 0.361
