0.000 0.411 0.334
0.033 0.411 0.334
0.067 0.411 0.333
0.100 0.410 0.333
0.133 0.410 0.333
0.167 0.410 0.331
0.200 0.409 0.332
0.233 0.409 0.330
0.267 0.408 0.329
0.300 0.408 0.330
0.333 0.408 0.328
0.367 0.403 0.329
0.400 0.393 0.329
0.433 0.383 0.329
0.467 0.363 0.331
0.500 0.363 0.331
0.533 0.352 0.333
0.567 0.332 0.334
0.600 0.332 0.334
0.633 0.321 0.336
0.667 0.302 0.337
0.700 0.302 0.337
0.733 0.291 0.339
0.767 0.281 0.339
0.800 0.270 0.340
0.833 0.260 0.341
0.867 0.239 0.343
0.900 0.239 0.343
