Frekvens	Kanal A	Kanal B
(ms)	(V)	(V)

0.00000000	3.32031300	2.76913100
0.13333600	3.23296000	2.76913100
0.26667200	3.14560800	2.85556100
0.40000799	3.10193200	2.85556100
0.53334399	3.05825500	2.94229800
0.66667999	3.01442600	2.94229800
0.80001599	2.97074900	2.94229800
0.93335198	2.97074900	2.94229800
1.06668798	2.88339700	3.02872800
1.20002398	2.83972100	3.02872800
1.33335998	2.79604500	3.11515700
1.46669598	2.75236800	3.11515700
1.60003197	2.75236800	3.11515700
1.73336797	2.70869200	3.11515700
1.86670397	2.70869200	3.11515700
2.00003997	2.66501600	3.20189500
2.13337597	2.66501600	3.20189500
2.26671196	2.66501600	3.20189500
2.40004796	2.66501600	3.28832400
2.53338396	2.62134000	3.28832400
2.66671996	2.66501600	3.28832400
2.80005595	2.66501600	3.37506200
2.93339195	2.70869200	3.37506200
3.06672795	2.70869200	3.37506200
3.20006395	2.70869200	3.46149100
3.33339995	2.79604500	3.37506200
3.46673594	2.79604500	3.46149100
3.60007194	2.83972100	3.46149100
3.73340794	2.83972100	3.54792100
3.86674394	2.92707300	3.54792100
4.00007993	2.97074900	3.54792100
4.13341593	3.01442600	3.63465800
4.26675193	3.10193200	3.63465800
4.40008793	3.14560800	3.63465800
4.53342393	3.14560800	3.72108800
4.66675992	3.27663600	3.72108800
4.80009592	3.27663600	3.72108800
4.93343192	3.36398900	3.72108800
5.06676792	3.36398900	3.80751700
5.20010391	3.45134100	3.80751700
5.33343991	3.49501700	3.80751700
5.46677591	3.53869300	3.89425400
5.60011191	3.62619900	3.89425400
5.73344791	3.66987600	3.89425400
5.86678390	3.71355200	3.89425400
6.00011990	3.75722800	3.98068400
6.13345590	3.80090400	3.98068400
6.26679190	3.84458000	4.06711400
6.40012790	3.84458000	4.06711400
6.53346389	3.93193300	4.06711400
6.66679989	3.93193300	4.06711400
6.80013589	3.93193300	4.15385100
6.93347189	3.97560900	4.15385100
7.06680788	4.01928500	4.15385100
7.20014388	4.01928500	4.24028100
7.33347988	4.01928500	4.24028100
7.46681588	3.97560900	4.32671000
7.60015188	3.97560900	4.32671000
7.73348787	3.97560900	4.32671000
7.86682387	3.93193300	4.32671000
8.00015987	3.93193300	4.32671000
8.13349587	3.88825700	4.41344700
8.26683186	3.84458000	4.41344700
8.40016786	3.80090400	4.41344700
8.53350386	3.80090400	4.49987700
8.66683986	3.75722800	4.49987700
8.80017586	3.66987600	4.49987700
8.93351185	3.66987600	4.58661400
9.06684785	3.58252300	4.58661400
9.20018385	3.58252300	4.58661400
9.33351985	3.49501700	4.67304400
9.46685584	3.45134100	4.67304400
9.60019184	3.40766500	4.67304400
9.73352784	3.32031300	4.67304400
9.86686384	3.27663600	4.75947300
10.00019984	3.23296000	4.75947300
10.13353583	3.14560800	4.75947300
10.26687183	3.10193200	4.84621000
10.40020783	3.05825500	4.84621000
10.53354383	3.05825500	4.84621000
10.66687983	2.97074900	4.84621000
10.80021582	2.97074900	4.93264000
10.93355182	2.92707300	4.93264000
11.06688782	2.83972100	5.01907000
11.20022382	2.79604500	5.01907000
11.33355981	2.79604500	5.01907000
11.46689581	2.75236800	5.01907000
11.60023181	2.70869200	5.10580700
11.73356781	2.70869200	5.10580700
11.86690381	2.70869200	5.10580700
12.00023980	2.66501600	5.19223700
12.13357580	2.66501600	5.19223700
12.26691180	2.62134000	5.19223700
12.40024780	2.62134000	5.27866600
12.53358379	2.57766400	5.27866600
12.66691979	2.62134000	5.27866600
12.80025579	2.62134000	5.27866600
12.93359179	2.57766400	5.36540400
13.06692779	2.57766400	5.36540400
13.20026378	2.62134000	5.36540400
13.33359978	2.62134000	5.36540400
13.46693578	2.66501600	5.45183300
13.60027178	2.66501600	5.45183300
13.73360778	2.66501600	5.45183300
13.86694377	2.70869200	5.53857000
14.00027977	2.75236800	5.53857000
14.13361577	2.79604500	5.62500000
14.26695177	2.83972100	5.62500000
14.40028776	2.88339700	5.62500000
14.53362376	2.92707300	5.62500000
14.66695976	2.97074900	5.62500000
14.80029576	3.01442600	5.71143000
14.93363176	3.05825500	5.71143000
15.06696775	3.14560800	5.79816700
15.20030375	3.10193200	5.79816700
15.33363975	3.23296000	5.79816700
15.46697575	3.27663600	5.88459600
15.60031174	3.32031300	5.88459600
15.73364774	3.36398900	5.88459600
15.86698374	3.45134100	5.88459600
16.00031974	3.49501700	5.97102600
16.13365574	3.53869300	5.97102600
16.26699173	3.58252300	5.97102600
16.40032773	3.62619900	5.97102600
16.53366373	3.66987600	6.05776300
16.66699973	3.71355200	6.05776300
16.80033572	3.75722800	6.14419300
16.93367172	3.75722800	6.14419300
17.06700772	3.80090400	6.14419300
17.20034372	3.84458000	6.23062200
17.33367972	3.84458000	6.23062200
17.46701571	3.88825700	6.23062200
17.60035171	3.88825700	6.31736000
17.73368771	3.93193300	6.23062200
17.86702371	3.93193300	6.31736000
18.00035971	3.97560900	6.31736000
18.13369570	3.93193300	6.40379000
18.26703170	3.97560900	6.40379000
18.40036770	3.97560900	6.40379000
18.53370370	3.97560900	6.40379000
18.66703969	3.97560900	6.49021900
18.80037569	3.97560900	6.49021900
18.93371169	3.93193300	6.49021900
19.06704769	3.93193300	6.57695600
19.20038369	3.93193300	6.57695600
19.33371968	3.88825700	6.57695600
19.46705568	3.88825700	6.66338600
19.60039168	3.84458000	6.66338600
19.73372768	3.84458000	6.66338600
19.86706367	3.80090400	6.75012300
20.00039967	3.75722800	6.75012300
20.13373567	3.75722800	6.75012300
20.26707167	3.66987600	6.75012300
20.40040767	3.62619900	6.83655300
20.53374366	3.58252300	6.83655300
20.66707966	3.53869300	6.83655300
20.80041566	3.49501700	6.92298200
20.93375166	3.40766500	6.92298200
21.06708765	3.40766500	6.92298200
21.20042365	3.32031300	7.00971900
21.33375965	3.32031300	7.00971900
21.46709565	3.23296000	7.00971900
21.60043165	3.18928400	7.00971900
21.73376764	3.14560800	7.09614900
21.86710364	3.10193200	7.09614900
22.00043964	3.10193200	7.09614900
22.13377564	3.01442600	7.09614900
22.26711164	2.97074900	7.18257900
22.40044763	2.92707300	7.18257900
22.53378363	2.88339700	7.18257900
22.66711963	2.83972100	7.26931600
22.80045563	2.79604500	7.26931600
22.93379162	2.75236800	7.35574500
23.06712762	2.75236800	7.35574500
23.20046362	2.70869200	7.35574500
23.33379962	2.66501600	7.35574500
23.46713562	2.66501600	7.44217500
23.60047161	2.62134000	7.44217500
23.73380761	2.62134000	7.44217500
23.86714361	2.57766400	7.44217500
24.00047961	2.57766400	7.52891300
24.13381560	2.57766400	7.52891300
24.26715160	2.57766400	7.52891300
24.40048760	2.57766400	7.61534200
24.53382360	2.57766400	7.61534200
24.66715960	2.57766400	7.61534200
24.80049559	2.57766400	7.70177200
24.93383159	2.53383400	7.70177200
25.06716759	2.53383400	7.70177200
25.20050359	2.57766400	7.78850900
25.33383959	2.53383400	7.78850900
25.46717558	2.57766400	7.78850900
25.60051158	2.57766400	7.78850900
25.73384758	2.57766400	7.78850900
25.86718358	2.62134000	7.87493800
26.00051957	2.62134000	7.87493800
26.13385557	2.62134000	7.87493800
26.26719157	2.66501600	7.96167600
26.40052757	2.62134000	7.96167600
26.53386357	2.70869200	7.96167600
26.66719956	2.70869200	8.04810500
26.80053556	2.70869200	8.04810500
26.93387156	2.75236800	8.04810500
27.06720756	2.79604500	8.13453500
27.20054355	2.83972100	8.13453500
27.33387955	2.83972100	8.13453500
27.46721555	2.83972100	8.13453500
27.60055155	2.97074900	8.22127200
27.73388755	2.97074900	8.22127200
27.86722354	3.01442600	8.22127200
28.00055954	3.01442600	8.30770200
28.13389554	3.10193200	8.30770200
28.26723154	3.10193200	8.30770200
28.40056753	3.18928400	8.30770200
28.53390353	3.23296000	8.39413200
28.66723953	3.23296000	8.39413200
28.80057553	3.32031300	8.39413200
28.93391153	3.36398900	8.48086800
29.06724752	3.40766500	8.48086800
29.20058352	3.40766500	8.56729800
29.33391952	3.45134100	8.56729800
29.46725552	3.49501700	8.56729800
29.60059152	3.49501700	8.56729800
29.73392751	3.53869300	8.65372800
29.86726351	3.58252300	8.65372800
30.00059951	3.62619900	8.65372800
30.13393551	3.62619900	8.74046500
30.26727150	3.71355200	8.74046500
30.40060750	3.71355200	8.74046500
30.53394350	3.75722800	8.82689500
30.66727950	3.75722800	8.82689500
30.80061550	3.80090400	8.82689500
30.93395149	3.84458000	8.82689500
31.06728749	3.84458000	8.91363100
31.20062349	3.84458000	8.91363100
31.33395949	3.84458000	8.91363100
31.46729548	3.88825700	9.00006100
31.60063148	3.88825700	9.00006100
31.73396748	3.88825700	9.00006100
31.86730348	3.84458000	9.00006100
32.00063948	3.93193300	9.08649100
32.13397547	3.88825700	9.08649100
32.26731147	3.88825700	9.08649100
32.40064747	3.93193300	9.08649100
32.53398347	3.93193300	9.17322800
32.66731946	3.93193300	9.17322800
32.80065546	3.93193300	9.17322800
32.93399146	3.93193300	9.25965800
33.06732746	3.88825700	9.25965800
33.20066346	3.93193300	9.25965800
33.33399945	3.88825700	9.34608700
33.46733545	3.88825700	9.34608700
33.60067145	3.88825700	9.34608700
33.73400745	3.84458000	9.43282500
33.86734345	3.84458000	9.43282500
34.00067944	3.84458000	9.43282500
34.13401544	3.84458000	9.43282500
34.26735144	3.84458000	9.43282500
34.40068744	3.80090400	9.51925500
34.53402343	3.75722800	9.51925500
34.66735943	3.71355200	9.60568400
34.80069543	3.71355200	9.60568400
34.93403143	3.66987600	9.60568400
35.06736743	3.62619900	9.60568400
35.20070342	3.58252300	9.69242100
35.33403942	3.53869300	9.69242100
35.46737542	3.49501700	9.77885100
35.60071142	3.45134100	9.69242100
35.73404741	3.45134100	9.77885100
35.86738341	3.36398900	9.77885100
36.00071941	3.32031300	9.77885100
36.13405541	3.32031300	9.69242100
36.26739141	3.32031300	9.69242100
36.40072740	3.32031300	9.69242100
36.53406340	3.32031300	9.69242100
36.66739940	3.32031300	9.60568400
36.80073540	3.32031300	9.60568400
36.93407140	3.36398900	9.60568400
37.06740739	3.36398900	9.60568400
37.20074339	3.36398900	9.51925500
37.33407939	3.36398900	9.51925500
37.46741539	3.40766500	9.43282500
37.60075138	3.40766500	9.43282500
37.73408738	3.45134100	9.43282500
37.86742338	3.45134100	9.43282500
38.00075938	3.49501700	9.34608700
38.13409538	3.49501700	9.34608700
38.26743137	3.53869300	9.34608700
38.40076737	3.53869300	9.25965800
38.53410337	3.58252300	9.25965800
38.66743937	3.62619900	9.25965800
38.80077536	3.66987600	9.17322800
38.93411136	3.66987600	9.17322800
39.06744736	3.71355200	9.08649100
39.20078336	3.71355200	9.08649100
39.33411936	3.75722800	9.08649100
39.46745535	3.75722800	9.08649100
39.60079135	3.75722800	9.00006100
39.73412735	3.75722800	9.00006100
39.86746335	3.80090400	9.00006100
40.00079934	3.80090400	9.00006100
40.13413534	3.80090400	8.91363100
40.26747134	3.84458000	8.91363100
40.40080734	3.84458000	8.91363100
40.53414334	3.84458000	8.82689500
40.66747933	3.88825700	8.82689500
40.80081533	3.84458000	8.74046500
40.93415133	3.88825700	8.74046500
41.06748733	3.88825700	8.74046500
41.20082333	3.93193300	8.74046500
41.33415932	3.93193300	8.74046500
41.46749532	3.93193300	8.65372800
41.60083132	3.88825700	8.65372800
41.73416732	3.93193300	8.65372800
41.86750331	3.93193300	8.56729800
42.00083931	3.93193300	8.56729800
42.13417531	3.88825700	8.56729800
42.26751131	3.93193300	8.48086800
42.40084731	3.88825700	8.48086800
42.53418330	3.93193300	8.48086800
42.66751930	3.93193300	8.39413200
42.80085530	3.93193300	8.39413200
42.93419130	3.88825700	8.30770200
43.06752729	3.88825700	8.30770200
43.20086329	3.88825700	8.30770200
43.33419929	3.88825700	8.30770200
43.46753529	3.88825700	8.22127200
43.60087129	3.80090400	8.22127200
43.73420728	3.80090400	8.22127200
43.86754328	3.80090400	8.22127200
44.00087928	3.75722800	8.13453500
44.13421528	3.75722800	8.13453500
44.26755127	3.71355200	8.13453500
44.40088727	3.71355200	8.04810500
44.53422327	3.71355200	8.04810500
44.66755927	3.71355200	8.04810500
44.80089527	3.66987600	7.96167600
44.93423126	3.66987600	7.96167600
45.06756726	3.62619900	7.96167600
45.20090326	3.62619900	7.96167600
45.33423926	3.58252300	7.87493800
45.46757526	3.58252300	7.87493800
45.60091125	3.53869300	7.87493800
45.73424725	3.53869300	7.78850900
45.86758325	3.45134100	7.78850900
46.00091925	3.40766500	7.70177200
46.13425524	3.36398900	7.70177200
46.26759124	3.36398900	7.70177200
46.40092724	3.27663600	7.70177200
46.53426324	3.27663600	7.61534200
46.66759924	3.23296000	7.61534200
46.80093523	3.18928400	7.61534200
46.93427123	3.18928400	7.52891300
47.06760723	3.14560800	7.52891300
47.20094323	3.10193200	7.52891300
47.33427922	3.10193200	7.44217500
47.46761522	3.10193200	7.44217500
47.60095122	3.10193200	7.44217500
47.73428722	3.01442600	7.44217500
47.86762322	2.97074900	7.35574500
48.00095921	2.97074900	7.35574500
48.13429521	2.88339700	7.26931600
48.26763121	2.88339700	7.26931600
48.40096721	2.83972100	7.26931600
48.53430321	2.79604500	7.26931600
48.66763920	2.75236800	7.18257900
48.80097520	2.75236800	7.18257900
48.93431120	2.70869200	7.18257900
49.06764720	2.66501600	7.09614900
49.20098319	2.62134000	7.09614900
49.33431919	2.66501600	7.09614900
49.46765519	2.62134000	7.00971900
49.60099119	2.57766400	7.00971900
49.73432719	2.62134000	7.00971900
49.86766318	2.57766400	7.00971900
50.00099918	2.57766400	6.92298200
50.13433518	2.57766400	6.92298200
50.26767118	2.57766400	6.92298200
50.40100717	2.53383400	6.83655300
50.53434317	2.57766400	6.83655300
50.66767917	2.53383400	6.83655300
50.80101517	2.53383400	6.75012300
50.93435117	2.53383400	6.75012300
51.06768716	2.53383400	6.75012300
51.20102316	2.57766400	6.66338600
51.33435916	2.57766400	6.66338600
51.46769516	2.57766400	6.66338600
51.60103115	2.57766400	6.57695600
51.73436715	2.57766400	6.57695600
51.86770315	2.62134000	6.57695600
52.00103915	2.62134000	6.49021900
52.13437515	2.62134000	6.49021900
52.26771114	2.62134000	6.49021900
52.40104714	2.62134000	6.49021900
52.53438314	2.62134000	6.49021900
52.66771914	2.66501600	6.40379000
52.80105514	2.70869200	6.40379000
52.93439113	2.70869200	6.31736000
53.06772713	2.70869200	6.31736000
53.20106313	2.79604500	6.31736000
53.33439913	2.79604500	6.31736000
53.46773512	2.83972100	6.23062200
53.60107112	2.88339700	6.23062200
53.73440712	2.97074900	6.23062200
53.86774312	2.97074900	6.14419300
54.00107912	3.01442600	6.14419300
54.13441511	3.10193200	6.14419300
54.26775111	3.14560800	6.05776300
54.40108711	3.18928400	6.05776300
54.53442311	3.23296000	6.05776300
54.66775910	3.23296000	6.05776300
54.80109510	3.27663600	5.97102600
54.93443110	3.36398900	5.97102600
55.06776710	3.36398900	5.97102600
55.20110310	3.40766500	5.88459600
55.33443909	3.45134100	5.88459600
55.46777509	3.53869300	5.88459600
55.60111109	3.58252300	5.79816700
55.73444709	3.62619900	5.79816700
55.86778308	3.66987600	5.79816700
56.00111908	3.71355200	5.71143000
56.13445508	3.80090400	5.71143000
56.26779108	3.80090400	5.71143000
56.40112708	3.80090400	5.62500000
56.53446307	3.84458000	5.62500000
56.66779907	3.88825700	5.62500000
56.80113507	3.93193300	5.53857000
56.93447107	3.93193300	5.53857000
57.06780707	3.93193300	5.53857000
57.20114306	3.93193300	5.45183300
57.33447906	3.97560900	5.45183300
57.46781506	3.97560900	5.45183300
57.60115106	3.93193300	5.36540400
57.73448705	3.97560900	5.36540400
57.86782305	3.93193300	5.36540400
58.00115905	3.93193300	5.36540400
58.13449505	3.93193300	5.27866600
58.26783105	3.93193300	5.27866600
58.40116704	3.93193300	5.27866600
58.53450304	3.88825700	5.19223700
58.66783904	3.84458000	5.19223700
58.80117504	3.84458000	5.19223700
58.93451103	3.80090400	5.19223700
59.06784703	3.80090400	5.10580700
59.20118303	3.80090400	5.10580700
59.33451903	3.71355200	5.10580700
59.46785503	3.71355200	5.01907000
59.60119102	3.66987600	5.01907000
59.73452702	3.62619900	5.01907000
59.86786302	3.58252300	5.01907000
60.00119902	3.53869300	4.93264000
60.13453502	3.49501700	4.93264000
60.26787101	3.40766500	4.84621000
60.40120701	3.36398900	4.84621000
60.53454301	3.32031300	4.84621000
60.66787901	3.23296000	4.84621000
60.80121500	3.10193200	4.75947300
60.93455100	3.10193200	4.75947300
61.06788700	3.01442600	4.67304400
61.20122300	2.97074900	4.67304400
61.33455900	2.92707300	4.67304400
61.46789499	2.83972100	4.58661400
61.60123099	2.83972100	4.58661400
61.73456699	2.79604500	4.58661400
61.86790299	2.70869200	4.58661400
62.00123898	2.70869200	4.49987700
62.13457498	2.66501600	4.58661400
62.26791098	2.70869200	4.49987700
62.40124698	2.62134000	4.41344700
62.53458298	2.66501600	4.41344700
62.66791897	2.62134000	4.41344700
62.80125497	2.62134000	4.41344700
62.93459097	2.57766400	4.32671000
63.06792697	2.62134000	4.32671000
63.20126296	2.57766400	4.32671000
63.33459896	2.62134000	4.24028100
63.46793496	2.62134000	4.24028100
63.60127096	2.62134000	4.24028100
63.73460696	2.66501600	4.15385100
63.86794295	2.66501600	4.15385100
64.00127895	2.70869200	4.15385100
64.13461495	2.75236800	4.06711400
64.26795095	2.75236800	4.06711400
64.40128695	2.75236800	4.06711400
64.53462294	2.83972100	4.06711400
64.66795894	2.83972100	3.98068400
64.80129494	2.88339700	3.98068400
64.93463094	2.92707300	3.98068400
65.06796693	2.97074900	3.98068400
65.20130293	3.01442600	3.89425400
65.33463893	3.05825500	3.89425400
65.46797493	3.14560800	3.89425400
65.60131093	3.18928400	3.80751700
65.73464692	3.27663600	3.80751700
65.86798292	3.36398900	3.72108800
66.00131892	3.40766500	3.72108800
66.13465492	3.49501700	3.72108800
66.26799091	3.53869300	3.72108800
66.40132691	3.62619900	3.63465800
66.53466291	3.66987600	3.63465800
66.66799891	3.71355200	3.63465800
66.80133491	3.75722800	3.54792100
66.93467090	3.75722800	3.54792100
67.06800690	3.84458000	3.54792100
67.20134290	3.84458000	3.54792100
67.33467890	3.93193300	3.46149100
67.46801489	3.93193300	3.46149100
67.60135089	3.97560900	3.37506200
67.73468689	4.01928500	3.37506200
67.86802289	4.01928500	3.37506200
68.00135889	4.01928500	3.37506200
68.13469488	3.97560900	3.28832400
68.26803088	3.97560900	3.28832400
68.40136688	3.97560900	3.28832400
68.53470288	3.88825700	3.20189500
68.66803888	3.88825700	3.20189500
68.80137487	3.88825700	3.20189500
68.93471087	3.84458000	3.20189500
69.06804687	3.80090400	3.11515700
69.20138287	3.75722800	3.11515700
69.33471886	3.75722800	3.11515700
69.46805486	3.71355200	3.02872800
69.60139086	3.66987600	3.02872800
69.73472686	3.62619900	3.02872800
69.86806286	3.58252300	2.94229800
70.00139885	3.53869300	2.94229800
70.13473485	3.49501700	2.85556100
70.26807085	3.45134100	2.94229800
70.40140685	3.36398900	2.85556100
70.53474284	3.32031300	2.85556100
70.66807884	3.23296000	2.76913100
70.80141484	3.18928400	2.76913100
70.93475084	3.10193200	2.76913100
71.06808684	3.01442600	2.76913100
71.20142283	2.92707300	2.68270200
71.33475883	2.92707300	2.68270200
71.46809483	2.83972100	2.68270200
71.60143083	2.83972100	2.59596500
71.73476683	2.75236800	2.59596500
71.86810282	2.75236800	2.59596500
72.00143882	2.75236800	2.50953500
72.13477482	2.70869200	2.50953500
72.26811082	2.70869200	2.50953500
72.40144681	2.70869200	2.50953500
72.53478281	2.66501600	2.42310500
72.66811881	2.66501600	2.42310500
72.80145481	2.66501600	2.33636800
72.93479081	2.70869200	2.33636800
73.06812680	2.75236800	2.33636800
73.20146280	2.75236800	2.33636800
73.33479880	2.83972100	2.33636800
73.46813480	2.88339700	2.24993800
73.60147079	2.92707300	2.16320100
73.73480679	2.97074900	2.16320100
73.86814279	3.01442600	2.16320100
74.00147879	3.10193200	2.16320100
74.13481479	3.14560800	2.16320100
74.26815078	3.18928400	2.07677200
74.40148678	3.23296000	2.07677200
74.53482278	3.27663600	2.07677200
74.66815878	3.36398900	1.99034200
74.80149477	3.40766500	1.99034200
74.93483077	3.45134100	1.99034200
75.06816677	3.49501700	1.90360500
75.20150277	3.58252300	1.90360500
75.33483877	3.62619900	1.90360500
75.46817476	3.66987600	1.90360500
75.60151076	3.75722800	1.81717500
75.73484676	3.80090400	1.81717500
75.86818276	3.84458000	1.73074600
76.00151876	3.88825700	1.73074600
76.13485475	3.93193300	1.73074600
76.26819075	3.93193300	1.73074600
76.40152675	3.97560900	1.64400800
76.53486275	4.01928500	1.64400800
76.66819874	4.01928500	1.64400800
76.80153474	4.06296200	1.64400800
76.93487074	4.06296200	1.55757900
77.06820674	4.06296200	1.55757900
77.20154274	4.06296200	1.47114900
77.33487873	4.06296200	1.47114900
77.46821473	4.06296200	1.47114900
77.60155073	4.06296200	1.38441200
77.73488673	4.01928500	1.38441200
77.86822272	4.01928500	1.38441200
78.00155872	3.97560900	1.38441200
78.13489472	3.93193300	1.29798200
78.26823072	3.93193300	1.29798200
78.40156672	3.84458000	1.29798200
78.53490271	3.84458000	1.29798200
78.66823871	3.75722800	1.21155300
78.80157471	3.66987600	1.21155300
78.93491071	3.62619900	1.12481500
79.06824670	3.58252300	1.12481500
79.20158270	3.53869300	1.12481500
79.33491870	3.49501700	1.12481500
79.46825470	3.40766500	1.12481500
79.60159070	3.32031300	1.03838600
79.73492669	3.27663600	1.03838600
79.86826269	3.27663600	0.95164860
80.00159869	3.18928400	0.95164860
80.13493469	3.14560800	0.95164860
80.26827069	3.05825500	0.95164860
80.40160668	3.01442600	0.86521900
80.53494268	2.92707300	0.86521900
80.66827868	2.92707300	0.86521900
80.80161468	2.83972100	0.86521900
80.93495067	2.83972100	0.77878930
81.06828667	2.79604500	0.77878930
81.20162267	2.75236800	0.69205220
81.33495867	2.75236800	0.69205220
81.46829467	2.70869200	0.69205220
81.60163066	2.75236800	0.69205220
81.73496666	2.70869200	0.60562250
81.86830266	2.70869200	0.60562250
82.00163866	2.79604500	0.60562250
82.13497465	2.75236800	0.51919290
82.26831065	2.79604500	0.51919290
82.40164665	2.79604500	0.51919290
82.53498265	2.79604500	0.43245570
82.66831865	2.88339700	0.43245570
82.80165464	2.92707300	0.43245570
82.93499064	2.97074900	0.43245570
83.06832664	3.01442600	0.34602610
83.20166264	3.05825500	0.34602610
83.33499864	3.14560800	0.34602610
83.46833463	3.23296000	0.25959650
83.60167063	3.27663600	0.25959650
83.73500663	3.32031300	0.25959650
83.86834263	3.40766500	0.25959650
84.00167862	3.45134100	0.17285930
84.13501462	3.49501700	0.17285930
84.26835062	3.58252300	0.17285930
84.40168662	3.62619900	0.08642963
84.53502262	3.66987600	0.08642963
84.66835861	3.75722800	0.08642963
84.80169461	3.75722800	0.08642963
84.93503061	3.75722800	0.17285930
85.06836661	3.80090400	0.17285930
85.20170260	3.80090400	0.17285930
85.33503860	3.80090400	0.17285930
85.46837460	3.80090400	0.17285930
85.60171060	3.80090400	0.25959650
85.73504660	3.80090400	0.25959650
85.86838259	3.75722800	0.25959650
86.00171859	3.75722800	0.34602610
86.13505459	3.71355200	0.34602610
86.26839059	3.66987600	0.34602610
86.40172658	3.62619900	0.34602610
86.53506258	3.58252300	0.43245570
86.66839858	3.53869300	0.43245570
86.80173458	3.49501700	0.51919290
86.93507058	3.40766500	0.51919290
87.06840657	3.36398900	0.60562250
87.20174257	3.27663600	0.51919290
87.33507857	3.27663600	0.60562250
87.46841457	3.23296000	0.60562250
87.60175057	3.18928400	0.60562250
87.73508656	3.10193200	0.69205220
87.86842256	3.10193200	0.69205220
88.00175856	3.05825500	0.69205220
88.13509456	3.01442600	0.69205220
88.26843055	2.97074900	0.77878930
88.40176655	2.97074900	0.77878930
88.53510255	2.88339700	0.86521900
88.66843855	2.88339700	0.86521900
88.80177455	2.83972100	0.86521900
88.93511054	2.83972100	0.95164860
89.06844654	2.79604500	0.95164860
89.20178254	2.75236800	0.95164860
89.33511854	2.75236800	0.95164860
89.46845453	2.70869200	1.03838600
89.60179053	2.70869200	1.03838600
89.73512653	2.70869200	1.03838600
89.86846253	2.75236800	1.12481500
90.00179853	2.75236800	1.12481500
90.13513452	2.75236800	1.12481500
90.26847052	2.75236800	1.21155300
90.40180652	2.75236800	1.21155300
90.53514252	2.79604500	1.21155300
90.66847851	2.79604500	1.21155300
90.80181451	2.79604500	1.29798200
90.93515051	2.83972100	1.29798200
91.06848651	2.88339700	1.29798200
91.20182251	2.92707300	1.38441200
91.33515850	2.97074900	1.38441200
91.46849450	3.01442600	1.38441200
91.60183050	3.10193200	1.47114900
91.73516650	3.10193200	1.47114900
91.86850250	3.18928400	1.47114900
92.00183849	3.23296000	1.47114900
92.13517449	3.32031300	1.55757900
92.26851049	3.36398900	1.55757900
92.40184649	3.36398900	1.55757900
92.53518248	3.45134100	1.64400800
92.66851848	3.49501700	1.64400800
92.80185448	3.53869300	1.64400800
92.93519048	3.58252300	1.73074600
93.06852648	3.62619900	1.73074600
93.20186247	3.71355200	1.73074600
93.33519847	3.75722800	1.73074600
93.46853447	3.80090400	1.81717500
93.60187047	3.80090400	1.81717500
93.73520646	3.84458000	1.81717500
93.86854246	3.93193300	1.90360500
94.00187846	3.93193300	1.90360500
94.13521446	3.93193300	1.90360500
94.26855046	3.97560900	1.99034200
94.40188645	3.97560900	1.99034200
94.53522245	4.01928500	1.99034200
94.66855845	4.06296200	2.07677200
94.80189445	4.06296200	2.07677200
94.93523045	4.01928500	2.07677200
95.06856644	4.01928500	2.16320100
95.20190244	4.01928500	2.16320100
95.33523844	4.01928500	2.16320100
95.46857444	4.06296200	2.16320100
95.60191043	4.06296200	2.24993800
95.73524643	4.01928500	2.33636800
95.86858243	4.01928500	2.24993800
96.00191843	4.01928500	2.33636800
96.13525443	4.01928500	2.33636800
96.26859042	3.97560900	2.33636800
96.40192642	3.97560900	2.42310500
96.53526242	3.88825700	2.42310500
96.66859842	3.84458000	2.42310500
96.80193441	3.84458000	2.42310500
96.93527041	3.75722800	2.50953500
97.06860641	3.71355200	2.50953500
97.20194241	3.66987600	2.59596500
97.33527841	3.58252300	2.50953500
97.46861440	3.53869300	2.59596500
97.60195040	3.49501700	2.59596500
97.73528640	3.40766500	2.68270200
97.86862240	3.40766500	2.68270200
98.00195839	3.32031300	2.68270200
98.13529439	3.27663600	2.76913100
98.26863039	3.23296000	2.76913100
98.40196639	3.18928400	2.76913100
98.53530239	3.10193200	2.85556100
98.66863838	3.05825500	2.85556100
98.80197438	3.01442600	2.85556100
98.93531038	2.97074900	2.85556100
99.06864638	2.88339700	2.94229800
99.20198238	2.88339700	2.94229800
99.33531837	2.79604500	2.94229800
99.46865437	2.75236800	3.02872800
99.60199037	2.75236800	3.02872800
99.73532637	2.70869200	3.02872800
99.86866236	2.70869200	3.11515700
100.00199836	2.70869200	3.11515700
100.13533436	2.66501600	3.11515700
100.26867036	2.66501600	3.11515700
100.40200636	2.66501600	3.20189500
100.53534235	2.66501600	3.20189500
100.66867835	2.70869200	3.28832400
100.80201435	2.70869200	3.28832400
100.93535035	2.70869200	3.28832400
101.06868634	2.70869200	3.37506200
101.20202234	2.75236800	3.28832400
101.33535834	2.75236800	3.37506200
101.46869434	2.79604500	3.37506200
101.60203034	2.79604500	3.37506200
101.73536633	2.83972100	3.46149100
101.86870233	2.88339700	3.46149100
102.00203833	2.92707300	3.54792100
102.13537433	2.92707300	3.54792100
102.26871033	3.01442600	3.54792100
102.40204632	3.01442600	3.63465800
102.53538232	3.10193200	3.63465800
102.66871832	3.05825500	3.63465800
102.80205432	3.14560800	3.63465800
102.93539031	3.14560800	3.63465800
103.06872631	3.23296000	3.72108800
103.20206231	3.27663600	3.72108800
103.33539831	3.32031300	3.80751700
103.46873431	3.32031300	3.80751700
103.60207030	3.40766500	3.80751700
103.73540630	3.40766500	3.89425400
103.86874230	3.49501700	3.89425400
104.00207830	3.53869300	3.89425400
104.13541429	3.58252300	3.89425400
104.26875029	3.58252300	3.98068400
104.40208629	3.62619900	3.98068400
104.53542229	3.71355200	3.98068400
104.66875829	3.71355200	4.06711400
104.80209428	3.75722800	4.06711400
104.93543028	3.80090400	4.06711400
105.06876628	3.80090400	4.06711400
105.20210228	3.88825700	4.15385100
105.33543827	3.88825700	4.15385100
105.46877427	3.93193300	4.15385100
105.60211027	3.93193300	4.24028100
105.73544627	3.97560900	4.24028100
105.86878227	3.97560900	4.24028100
106.00211826	4.01928500	4.32671000
106.13545426	4.01928500	4.32671000
106.26879026	4.01928500	4.32671000
106.40212626	4.01928500	4.32671000
106.53546226	4.01928500	4.41344700
106.66879825	3.97560900	4.41344700
106.80213425	3.97560900	4.49987700
106.93547025	3.97560900	4.49987700
107.06880625	3.97560900	4.49987700
107.20214224	3.93193300	4.49987700
107.33547824	3.88825700	4.58661400
107.46881424	3.88825700	4.58661400
107.60215024	3.88825700	4.58661400
107.73548624	3.84458000	4.67304400
107.86882223	3.75722800	4.67304400
108.00215823	3.75722800	4.67304400
108.13549423	3.71355200	4.67304400
108.26883023	3.62619900	4.67304400
108.40216622	3.58252300	4.75947300
108.53550222	3.58252300	4.75947300
108.66883822	3.49501700	4.84621000
108.80217422	3.45134100	4.84621000
108.93551022	3.36398900	4.93264000
109.06884621	3.32031300	4.93264000
109.20218221	3.27663600	4.93264000
109.33551821	3.27663600	4.93264000
109.46885421	3.18928400	4.93264000
109.60219020	3.14560800	5.01907000
109.73552620	3.14560800	5.01907000
109.86886220	3.05825500	5.01907000
110.00219820	3.01442600	5.10580700
110.13553420	2.92707300	5.10580700
110.26887019	2.97074900	5.19223700
110.40220619	2.92707300	5.19223700
110.53554219	2.88339700	5.19223700
110.66887819	2.83972100	5.19223700
110.80221419	2.79604500	5.27866600
110.93555018	2.75236800	5.27866600
111.06888618	2.75236800	5.27866600
111.20222218	2.70869200	5.27866600
111.33555818	2.66501600	5.36540400
111.46889417	2.66501600	5.36540400
111.60223017	2.62134000	5.45183300
111.73556617	2.62134000	5.45183300
111.86890217	2.62134000	5.45183300
112.00223817	2.57766400	5.45183300
112.13557416	2.57766400	5.53857000
112.26891016	2.62134000	5.53857000
112.40224616	2.62134000	5.53857000
112.53558216	2.62134000	5.62500000
112.66891815	2.62134000	5.62500000
112.80225415	2.62134000	5.62500000
112.93559015	2.66501600	5.62500000
113.06892615	2.70869200	5.62500000
113.20226215	2.75236800	5.71143000
113.33559814	2.79604500	5.71143000
113.46893414	2.79604500	5.71143000
113.60227014	2.83972100	5.79816700
113.73560614	2.92707300	5.79816700
113.86894214	2.97074900	5.88459600
114.00227813	3.05825500	5.88459600
114.13561413	3.05825500	5.88459600
114.26895013	3.18928400	5.88459600
114.40228613	3.18928400	5.97102600
114.53562212	3.32031300	5.97102600
114.66895812	3.32031300	5.97102600
114.80229412	3.36398900	6.05776300
114.93563012	3.40766500	6.05776300
115.06896612	3.45134100	6.05776300
115.20230211	3.49501700	6.14419300
115.33563811	3.58252300	6.14419300
115.46897411	3.58252300	6.14419300
115.60231011	3.66987600	6.14419300
115.73564610	3.66987600	6.23062200
115.86898210	3.71355200	6.23062200
116.00231810	3.75722800	6.23062200
116.13565410	3.80090400	6.23062200
116.26899010	3.84458000	6.31736000
116.40232609	3.88825700	6.31736000
116.53566209	3.88825700	6.40379000
116.66899809	3.88825700	6.40379000
116.80233409	3.88825700	6.40379000
116.93567008	3.93193300	6.40379000
117.06900608	3.97560900	6.49021900
117.20234208	3.93193300	6.49021900
117.33567808	3.97560900	6.49021900
117.46901408	3.97560900	6.49021900
117.60235007	3.97560900	6.57695600
117.73568607	3.97560900	6.57695600
117.86902207	3.93193300	6.57695600
118.00235807	3.97560900	6.66338600
118.13569407	3.93193300	6.66338600
118.26903006	3.93193300	6.66338600
118.40236606	3.88825700	6.75012300
118.53570206	3.88825700	6.75012300
118.66903806	3.84458000	6.75012300
118.80237405	3.80090400	6.83655300
118.93571005	3.75722800	6.83655300
119.06904605	3.71355200	6.83655300
119.20238205	3.66987600	6.92298200
119.33571805	3.62619900	6.92298200
119.46905404	3.53869300	6.92298200
119.60239004	3.49501700	6.92298200
119.73572604	3.40766500	7.00971900
119.86906204	3.40766500	7.00971900
120.00239803	3.32031300	7.00971900
120.13573403	3.27663600	7.09614900
120.26907003	3.23296000	7.09614900
120.40240603	3.14560800	7.09614900
120.53574203	3.10193200	7.09614900
120.66907802	3.01442600	7.18257900
120.80241402	2.97074900	7.18257900
120.93575002	2.92707300	7.18257900
121.06908602	2.88339700	7.26931600
121.20242201	2.79604500	7.26931600
121.33575801	2.75236800	7.35574500
121.46909401	2.75236800	7.35574500
121.60243001	2.70869200	7.35574500
121.73576601	2.66501600	7.35574500
121.86910200	2.66501600	7.44217500
122.00243800	2.62134000	7.44217500
122.13577400	2.62134000	7.44217500
122.26911000	2.57766400	7.44217500
122.40244600	2.53383400	7.52891300
122.53578199	2.57766400	7.52891300
122.66911799	2.53383400	7.52891300
122.80245399	2.57766400	7.61534200
122.93578999	2.53383400	7.61534200
123.06912598	2.57766400	7.61534200
123.20246198	2.57766400	7.70177200
123.33579798	2.62134000	7.70177200
123.46913398	2.57766400	7.70177200
123.60246998	2.62134000	7.70177200
123.73580597	2.66501600	7.78850900
123.86914197	2.66501600	7.78850900
124.00247797	2.66501600	7.78850900
124.13581397	2.75236800	7.87493800
124.26914996	2.75236800	7.87493800
124.40248596	2.75236800	7.87493800
124.53582196	2.83972100	7.96167600
124.66915796	2.88339700	7.96167600
124.80249396	2.92707300	7.96167600
124.93582995	2.92707300	8.04810500
125.06916595	2.97074900	8.04810500
125.20250195	3.01442600	8.04810500
125.33583795	3.01442600	8.04810500
125.46917395	3.10193200	8.13453500
125.60250994	3.10193200	8.13453500
125.73584594	3.14560800	8.13453500
125.86918194	3.23296000	8.13453500
126.00251794	3.27663600	8.22127200
126.13585393	3.27663600	8.22127200
126.26918993	3.36398900	8.22127200
126.40252593	3.36398900	8.30770200
126.53586193	3.45134100	8.30770200
126.66919793	3.45134100	8.30770200
126.80253392	3.49501700	8.30770200
126.93586992	3.53869300	8.39413200
127.06920592	3.58252300	8.39413200
127.20254192	3.62619900	8.39413200
127.33587791	3.62619900	8.48086800
127.46921391	3.66987600	8.48086800
127.60254991	3.71355200	8.48086800
127.73588591	3.75722800	8.56729800
127.86922191	3.75722800	8.56729800
128.00255790	3.80090400	8.56729800
128.13589390	3.80090400	8.65372800
128.26922990	3.80090400	8.65372800
128.40256590	3.84458000	8.65372800
128.53590189	3.84458000	8.74046500
128.66923789	3.88825700	8.74046500
128.80257389	3.88825700	8.74046500
128.93590989	3.88825700	8.74046500
129.06924589	3.88825700	8.82689500
129.20258188	3.93193300	8.82689500
129.33591788	3.93193300	8.82689500
129.46925388	3.97560900	8.91363100
129.60258988	3.93193300	8.91363100
129.73592588	3.93193300	9.00006100
129.86926187	3.93193300	8.91363100
130.00259787	3.93193300	9.00006100
130.13593387	3.93193300	9.00006100
130.26926987	3.93193300	9.00006100
130.40260586	3.88825700	9.08649100
130.53594186	3.88825700	9.08649100
130.66927786	3.88825700	9.08649100
130.80261386	3.84458000	9.17322800
130.93594986	3.80090400	9.17322800
131.06928585	3.84458000	9.17322800
131.20262185	3.75722800	9.17322800
131.33595785	3.75722800	9.25965800
131.46929385	3.71355200	9.25965800
131.60262984	3.71355200	9.34608700
131.73596584	3.66987600	9.25965800
131.86930184	3.62619900	9.34608700
132.00263784	3.62619900	9.34608700
132.13597384	3.58252300	9.43282500
132.26930983	3.53869300	9.43282500
132.40264583	3.53869300	9.43282500
132.53598183	3.49501700	9.43282500
132.66931783	3.40766500	9.51925500
132.80265382	3.40766500	9.51925500
132.93598982	3.40766500	9.51925500
133.06932582	3.32031300	9.60568400
133.20266182	3.36398900	9.60568400
133.33599782	3.32031300	9.60568400
133.46933381	3.32031300	9.69242100
133.60266981	3.27663600	9.69242100
133.73600581	3.23296000	9.69242100
133.86934181	3.18928400	9.69242100
134.00267781	3.18928400	9.77885100
134.13601380	3.14560800	9.77885100
134.26934980	3.14560800	9.77885100
134.40268580	3.10193200	9.77885100
134.53602180	3.05825500	9.69242100
134.66935779	3.10193200	9.69242100
134.80269379	3.05825500	9.69242100
134.93602979	3.10193200	9.60568400
135.06936579	3.10193200	9.60568400
135.20270179	3.14560800	9.60568400
135.33603778	3.18928400	9.60568400
135.46937378	3.14560800	9.51925500
135.60270978	3.18928400	9.51925500
135.73604578	3.23296000	9.51925500
135.86938177	3.27663600	9.51925500
136.00271777	3.27663600	9.43282500
136.13605377	3.32031300	9.43282500
136.26938977	3.36398900	9.34608700
136.40272577	3.40766500	9.34608700
136.53606176	3.40766500	9.34608700
136.66939776	3.45134100	9.34608700
136.80273376	3.45134100	9.25965800
136.93606976	3.49501700	9.25965800
137.06940576	3.49501700	9.25965800
137.20274175	3.53869300	9.25965800
137.33607775	3.53869300	9.17322800
137.46941375	3.58252300	9.17322800
137.60274975	3.58252300	9.08649100
137.73608574	3.62619900	9.08649100
137.86942174	3.58252300	9.08649100
138.00275774	3.66987600	9.08649100
138.13609374	3.71355200	9.00006100
138.26942974	3.71355200	9.00006100
138.40276573	3.71355200	8.91363100
138.53610173	3.75722800	8.91363100
138.66943773	3.75722800	8.91363100
138.80277373	3.80090400	8.91363100
138.93610972	3.84458000	8.82689500
139.06944572	3.84458000	8.82689500
139.20278172	3.80090400	8.74046500
139.33611772	3.88825700	8.74046500
139.46945372	3.88825700	8.74046500
139.60278971	3.88825700	8.74046500
139.73612571	3.88825700	8.65372800
139.86946171	3.93193300	8.65372800
140.00279771	3.93193300	8.65372800
140.13613370	3.93193300	8.65372800
140.26946970	3.93193300	8.56729800
140.40280570	3.93193300	8.56729800
140.53614170	3.88825700	8.56729800
140.66947770	3.93193300	8.48086800
140.80281369	3.88825700	8.48086800
140.93614969	3.93193300	8.48086800
141.06948569	3.88825700	8.39413200
141.20282169	3.84458000	8.39413200
141.33615769	3.80090400	8.39413200
141.46949368	3.80090400	8.30770200
141.60282968	3.80090400	8.30770200
141.73616568	3.75722800	8.30770200
141.86950168	3.75722800	8.30770200
142.00283767	3.71355200	8.22127200
142.13617367	3.66987600	8.22127200
142.26950967	3.66987600	8.22127200
142.40284567	3.62619900	8.13453500
142.53618167	3.62619900	8.13453500
142.66951766	3.58252300	8.13453500
142.80285366	3.58252300	8.04810500
142.93618966	3.53869300	8.04810500
143.06952566	3.49501700	7.96167600
143.20286165	3.45134100	7.96167600
143.33619765	3.45134100	7.96167600
143.46953365	3.40766500	7.96167600
143.60286965	3.36398900	7.87493800
143.73620565	3.32031300	7.87493800
143.86954164	3.32031300	7.87493800
144.00287764	3.27663600	7.87493800
144.13621364	3.27663600	7.78850900
144.26954964	3.23296000	7.78850900
144.40288563	3.18928400	7.78850900
144.53622163	3.14560800	7.70177200
144.66955763	3.10193200	7.70177200
144.80289363	3.05825500	7.70177200
144.93622963	3.05825500	7.61534200
145.06956562	3.05825500	7.61534200
145.20290162	3.01442600	7.61534200
145.33623762	2.97074900	7.52891300
145.46957362	2.97074900	7.52891300
145.60290962	2.97074900	7.52891300
145.73624561	2.92707300	7.44217500
145.86958161	2.88339700	7.44217500
146.00291761	2.88339700	7.35574500
146.13625361	2.83972100	7.35574500
146.26958960	2.83972100	7.35574500
146.40292560	2.75236800	7.35574500
146.53626160	2.75236800	7.26931600
146.66959760	2.70869200	7.26931600
146.80293360	2.66501600	7.26931600
146.93626959	2.62134000	7.26931600
147.06960559	2.62134000	7.18257900
147.20294159	2.62134000	7.18257900
147.33627759	2.57766400	7.18257900
147.46961358	2.53383400	7.09614900
147.60294958	2.57766400	7.09614900
147.73628558	2.57766400	7.09614900
147.86962158	2.53383400	7.09614900
148.00295758	2.53383400	7.00971900
148.13629357	2.53383400	7.00971900
148.26962957	2.49015700	6.92298200
148.40296557	2.53383400	6.92298200
148.53630157	2.53383400	6.92298200
148.66963757	2.53383400	6.92298200
148.80297356	2.57766400	6.83655300
148.93630956	2.57766400	6.83655300
149.06964556	2.62134000	6.83655300
149.20298156	2.57766400	6.75012300
149.33631755	2.62134000	6.75012300
149.46965355	2.66501600	6.75012300
149.60298955	2.66501600	6.66338600
149.73632555	2.70869200	6.66338600
149.86966155	2.70869200	6.66338600
150.00299754	2.75236800	6.66338600
150.13633354	2.79604500	6.57695600
150.26966954	2.83972100	6.57695600
150.40300554	2.83972100	6.49021900
150.53634153	2.92707300	6.49021900
150.66967753	2.92707300	6.49021900
150.80301353	2.97074900	6.49021900
150.93634953	2.97074900	6.40379000
151.06968553	3.01442600	6.40379000
151.20302152	3.05825500	6.40379000
151.33635752	3.10193200	6.31736000
151.46969352	3.18928400	6.31736000
151.60302952	3.18928400	6.31736000
151.73636551	3.23296000	6.23062200
151.86970151	3.27663600	6.23062200
152.00303751	3.32031300	6.23062200
152.13637351	3.36398900	6.23062200
152.26970951	3.40766500	6.14419300
152.40304550	3.40766500	6.14419300
152.53638150	3.49501700	6.14419300
152.66971750	3.53869300	6.05776300
152.80305350	3.49501700	6.05776300
152.93638950	3.58252300	6.05776300
153.06972549	3.58252300	5.97102600
153.20306149	3.62619900	5.97102600
153.33639749	3.66987600	5.97102600
153.46973349	3.71355200	5.97102600
153.60306948	3.71355200	5.88459600
153.73640548	3.75722800	5.88459600
153.86974148	3.75722800	5.88459600
154.00307748	3.84458000	5.79816700
154.13641348	3.84458000	5.79816700
154.26974947	3.88825700	5.79816700
154.40308547	3.88825700	5.71143000
154.53642147	3.93193300	5.71143000
154.66975747	3.93193300	5.71143000
154.80309346	3.93193300	5.71143000
154.93642946	3.93193300	5.62500000
155.06976546	3.93193300	5.62500000
155.20310146	3.97560900	5.62500000
155.33643746	3.93193300	5.53857000
155.46977345	3.97560900	5.53857000
155.60310945	3.97560900	5.45183300
155.73644545	3.93193300	5.45183300
155.86978145	3.93193300	5.45183300
156.00311744	3.93193300	5.36540400
156.13645344	3.88825700	5.36540400
156.26978944	3.88825700	5.36540400
156.40312544	3.88825700	5.36540400
156.53646144	3.80090400	5.27866600
156.66979743	3.80090400	5.27866600
156.80313343	3.75722800	5.27866600
156.93646943	3.71355200	5.19223700
157.06980543	3.66987600	5.19223700
157.20314143	3.62619900	5.19223700
157.33647742	3.58252300	5.19223700
157.46981342	3.58252300	5.10580700
157.60314942	3.53869300	5.10580700
157.73648542	3.49501700	5.10580700
157.86982141	3.45134100	5.01907000
158.00315741	3.36398900	5.01907000
158.13649341	3.36398900	5.01907000
158.26982941	3.32031300	4.93264000
158.40316541	3.27663600	4.93264000
158.53650140	3.23296000	4.93264000
158.66983740	3.18928400	4.84621000
158.80317340	3.14560800	4.84621000
158.93650940	3.10193200	4.84621000
159.06984539	3.05825500	4.84621000
159.20318139	3.01442600	4.75947300
159.33651739	3.01442600	4.75947300
159.46985339	2.97074900	4.75947300
159.60318939	2.92707300	4.67304400
159.73652538	2.83972100	4.67304400
159.86986138	2.83972100	4.67304400
160.00319738	2.75236800	4.58661400
160.13653338	2.70869200	4.58661400
160.26986938	2.70869200	4.58661400
160.40320537	2.70869200	4.58661400
160.53654137	2.66501600	4.49987700
160.66987737	2.66501600	4.49987700
160.80321337	2.62134000	4.49987700
160.93654936	2.62134000	4.41344700
161.06988536	2.62134000	4.41344700
161.20322136	2.57766400	4.41344700
161.33655736	2.62134000	4.32671000
161.46989336	2.62134000	4.32671000
161.60322935	2.57766400	4.32671000
161.73656535	2.62134000	4.24028100
161.86990135	2.62134000	4.24028100
162.00323735	2.62134000	4.24028100
162.13657334	2.62134000	4.15385100
162.26990934	2.66501600	4.15385100
162.40324534	2.70869200	4.15385100
162.53658134	2.70869200	4.06711400
162.66991734	2.75236800	4.06711400
162.80325333	2.79604500	4.06711400
162.93658933	2.83972100	3.98068400
163.06992533	2.88339700	3.98068400
163.20326133	2.92707300	3.98068400
163.33659732	2.97074900	3.98068400
163.46993332	2.97074900	3.89425400
163.60326932	3.05825500	3.89425400
163.73660532	3.10193200	3.89425400
163.86994132	3.14560800	3.80751700
164.00327731	3.18928400	3.80751700
164.13661331	3.23296000	3.80751700
164.26994931	3.32031300	3.80751700
164.40328531	3.36398900	3.72108800
164.53662131	3.40766500	3.72108800
164.66995730	3.49501700	3.72108800
164.80329330	3.58252300	3.63465800
164.93662930	3.62619900	3.63465800
165.06996530	3.66987600	3.63465800
165.20330129	3.75722800	3.63465800
165.33663729	3.75722800	3.54792100
165.46997329	3.80090400	3.54792100
165.60330929	3.80090400	3.54792100
165.73664529	3.84458000	3.46149100
165.86998128	3.88825700	3.46149100
166.00331728	3.93193300	3.46149100
166.13665328	3.97560900	3.37506200
166.26998928	3.97560900	3.37506200
166.40332527	4.01928500	3.37506200
166.53666127	4.01928500	3.28832400
166.66999727	4.01928500	3.28832400
166.80333327	4.01928500	3.28832400
166.93666927	4.01928500	3.28832400
167.07000526	4.01928500	3.20189500
167.20334126	3.97560900	3.20189500
167.33667726	3.97560900	3.11515700
167.47001326	3.97560900	3.11515700
167.60334925	3.93193300	3.11515700
167.73668525	3.93193300	3.11515700
167.87002125	3.88825700	3.02872800
168.00335725	3.80090400	3.02872800
168.13669325	3.80090400	2.94229800
168.27002924	3.80090400	2.94229800
168.40336524	3.75722800	2.94229800
168.53670124	3.66987600	2.94229800
168.67003724	3.66987600	2.85556100
168.80337324	3.58252300	2.85556100
168.93670923	3.53869300	2.85556100
169.07004523	3.49501700	2.76913100
169.20338123	3.45134100	2.76913100
169.33671723	3.40766500	2.76913100
169.47005322	3.32031300	2.76913100
169.60338922	3.23296000	2.68270200
169.73672522	3.18928400	2.68270200
169.87006122	3.10193200	2.68270200
170.00339722	3.05825500	2.68270200
170.13673321	3.01442600	2.59596500
170.27006921	2.97074900	2.59596500
170.40340521	2.88339700	2.50953500
170.53674121	2.83972100	2.50953500
170.67007720	2.79604500	2.50953500
170.80341320	2.79604500	2.50953500
170.93674920	2.70869200	2.42310500
171.07008520	2.70869200	2.42310500
171.20342120	2.70869200	2.42310500
171.33675719	2.66501600	2.33636800
171.47009319	2.66501600	2.33636800
171.60342919	2.66501600	2.33636800
171.73676519	2.66501600	2.24993800
171.87010119	2.66501600	2.24993800
172.00343718	2.70869200	2.24993800
172.13677318	2.75236800	2.24993800
172.27010918	2.79604500	2.16320100
172.40344518	2.83972100	2.16320100
172.53678117	2.83972100	2.16320100
172.67011717	2.88339700	2.07677200
172.80345317	2.92707300	2.07677200
172.93678917	3.01442600	2.07677200
173.07012517	3.05825500	1.99034200
173.20346116	3.14560800	1.99034200
173.33679716	3.18928400	1.99034200
173.47013316	3.23296000	1.90360500
173.60346916	3.32031300	1.90360500
173.73680515	3.36398900	1.90360500
173.87014115	3.45134100	1.81717500
174.00347715	3.49501700	1.81717500
174.13681315	3.58252300	1.81717500
174.27014915	3.62619900	1.81717500
174.40348514	3.66987600	1.73074600
174.53682114	3.71355200	1.73074600
174.67015714	3.80090400	1.73074600
174.80349314	3.84458000	1.73074600
174.93682913	3.88825700	1.64400800
175.07016513	3.88825700	1.64400800
175.20350113	3.93193300	1.64400800
175.33683713	3.97560900	1.55757900
175.47017313	4.01928500	1.55757900
175.60350912	4.01928500	1.55757900
175.73684512	4.01928500	1.47114900
175.87018112	4.01928500	1.47114900
176.00351712	4.01928500	1.38441200
176.13685312	4.01928500	1.38441200
176.27018911	4.01928500	1.38441200
176.40352511	3.97560900	1.38441200
176.53686111	3.97560900	1.29798200
176.67019711	3.93193300	1.29798200
176.80353310	3.88825700	1.29798200
176.93686910	3.88825700	1.21155300
177.07020510	3.80090400	1.21155300
177.20354110	3.80090400	1.21155300
177.33687710	3.71355200	1.21155300
177.47021309	3.66987600	1.12481500
177.60354909	3.58252300	1.12481500
177.73688509	3.53869300	1.12481500
177.87022109	3.45134100	1.12481500
178.00355708	3.40766500	1.03838600
178.13689308	3.36398900	1.03838600
178.27022908	3.27663600	0.95164860
178.40356508	3.18928400	0.95164860
178.53690108	3.14560800	0.95164860
178.67023707	3.05825500	0.95164860
178.80357307	3.01442600	0.86521900
178.93690907	2.92707300	0.86521900
179.07024507	2.92707300	0.86521900
179.20358106	2.83972100	0.77878930
179.33691706	2.79604500	0.77878930
179.47025306	2.79604500	0.77878930
179.60358906	2.79604500	0.77878930
179.73692506	2.75236800	0.69205220
179.87026105	2.75236800	0.69205220
180.00359705	2.70869200	0.69205220
180.13693305	2.70869200	0.60562250
180.27026905	2.75236800	0.60562250
180.40360505	2.79604500	0.51919290
180.53694104	2.79604500	0.51919290
180.67027704	2.83972100	0.51919290
180.80361304	2.88339700	0.51919290
180.93694904	2.92707300	0.43245570
181.07028503	2.97074900	0.43245570
181.20362103	3.01442600	0.43245570
181.33695703	3.10193200	0.43245570
181.47029303	3.18928400	0.43245570
181.60362903	3.23296000	0.34602610
181.73696502	3.27663600	0.34602610
181.87030102	3.36398900	0.25959650
182.00363702	3.40766500	0.25959650
182.13697302	3.49501700	0.25959650
182.27030901	3.58252300	0.17285930
182.40364501	3.58252300	0.17285930
182.53698101	3.66987600	0.17285930
182.67031701	3.71355200	0.17285930
182.80365301	3.80090400	0.08642963
182.93698900	3.84458000	0.08642963
183.07032500	3.88825700	0.08642963
183.20366100	3.88825700	0.08642963
183.33699700	3.93193300	0.08642963
183.47033300	3.97560900	0.17285930
183.60366899	3.97560900	0.17285930
183.73700499	3.97560900	0.17285930
183.87034099	4.01928500	0.25959650
184.00367699	3.97560900	0.25959650
184.13701298	3.93193300	0.25959650
184.27034898	3.93193300	0.25959650
184.40368498	3.88825700	0.34602610
184.53702098	3.84458000	0.34602610
184.67035698	3.84458000	0.43245570
184.80369297	3.80090400	0.43245570
184.93702897	3.75722800	0.43245570
185.07036497	3.71355200	0.43245570
185.20370097	3.66987600	0.51919290
185.33703696	3.62619900	0.51919290
185.47037296	3.58252300	0.51919290
185.60370896	3.53869300	0.51919290
185.73704496	3.49501700	0.60562250
185.87038096	3.45134100	0.60562250
186.00371695	3.40766500	0.60562250
186.13705295	3.32031300	0.69205220
186.27038895	3.27663600	0.69205220
186.40372495	3.27663600	0.69205220
186.53706094	3.18928400	0.77878930
186.67039694	3.14560800	0.77878930
186.80373294	3.14560800	0.86521900
186.93706894	3.10193200	0.86521900
187.07040494	3.05825500	0.86521900
187.20374093	3.01442600	0.86521900
187.33707693	3.01442600	0.95164860
187.47041293	2.92707300	0.95164860
187.60374893	2.88339700	0.95164860
187.73708493	2.88339700	0.95164860
187.87042092	2.83972100	1.03838600
188.00375692	2.83972100	1.03838600
188.13709292	2.79604500	1.03838600
188.27042892	2.79604500	1.12481500
188.40376491	2.75236800	1.12481500
188.53710091	2.75236800	1.12481500
188.67043691	2.70869200	1.21155300
188.80377291	2.70869200	1.21155300
188.93710891	2.70869200	1.21155300
189.07044490	2.70869200	1.29798200
189.20378090	2.70869200	1.29798200
189.33711690	2.70869200	1.29798200
189.47045290	2.70869200	1.38441200
189.60378889	2.75236800	1.38441200
189.73712489	2.75236800	1.38441200
189.87046089	2.79604500	1.38441200
190.00379689	2.83972100	1.47114900
190.13713289	2.88339700	1.47114900
190.27046888	2.92707300	1.47114900
190.40380488	2.97074900	1.55757900
190.53714088	3.01442600	1.47114900
190.67047688	3.05825500	1.55757900
190.80381287	3.10193200	1.64400800
190.93714887	3.14560800	1.64400800
191.07048487	3.23296000	1.64400800
191.20382087	3.27663600	1.64400800
191.33715687	3.32031300	1.73074600
191.47049286	3.36398900	1.73074600
191.60382886	3.45134100	1.73074600
191.73716486	3.49501700	1.81717500
191.87050086	3.58252300	1.81717500
192.00383686	3.62619900	1.81717500
192.13717285	3.66987600	1.90360500
192.27050885	3.71355200	1.90360500
192.40384485	3.80090400	1.90360500
192.53718085	3.84458000	1.90360500
192.67051684	3.88825700	1.99034200
192.80385284	3.88825700	1.99034200
192.93718884	3.97560900	1.99034200
193.07052484	3.97560900	2.07677200
193.20386084	4.01928500	2.07677200
193.33719683	4.01928500	2.07677200
193.47053283	4.01928500	2.07677200
193.60386883	4.06296200	2.16320100
193.73720483	4.06296200	2.16320100
193.87054082	4.06296200	2.16320100
194.00387682	4.06296200	2.24993800
194.13721282	4.01928500	2.24993800
194.27054882	4.01928500	2.33636800
194.40388482	4.01928500	2.33636800
194.53722081	3.97560900	2.33636800
194.67055681	3.97560900	2.33636800
194.80389281	3.93193300	2.42310500
194.93722881	3.93193300	2.42310500
195.07056481	3.88825700	2.42310500
195.20390080	3.80090400	2.50953500
195.33723680	3.75722800	2.50953500
195.47057280	3.75722800	2.50953500
195.60390880	3.71355200	2.59596500
195.73724479	3.62619900	2.59596500
195.87058079	3.62619900	2.59596500
196.00391679	3.53869300	2.59596500
196.13725279	3.49501700	2.68270200
196.27058879	3.40766500	2.68270200
196.40392478	3.36398900	2.68270200
196.53726078	3.32031300	2.68270200
196.67059678	3.27663600	2.76913100
196.80393278	3.23296000	2.76913100
196.93726877	3.14560800	2.76913100
197.07060477	3.14560800	2.85556100
197.20394077	3.05825500	2.85556100
197.33727677	3.01442600	2.85556100
197.47061277	2.97074900	2.94229800
197.60394876	2.92707300	2.94229800
197.73728476	2.88339700	2.94229800
197.87062076	2.83972100	3.02872800
198.00395676	2.79604500	3.02872800
198.13729275	2.75236800	3.02872800
198.27062875	2.70869200	3.02872800
198.40396475	2.70869200	3.11515700
198.53730075	2.70869200	3.11515700
198.67063675	2.66501600	3.20189500
198.80397274	2.66501600	3.20189500
198.93730874	2.66501600	3.20189500
199.07064474	2.66501600	3.20189500
199.20398074	2.66501600	3.28832400
199.33731674	2.66501600	3.28832400
199.47065273	2.70869200	3.28832400
199.60398873	2.70869200	3.37506200
199.73732473	2.70869200	3.37506200
199.87066073	2.75236800	3.37506200
200.00399672	2.79604500	3.46149100
200.13733272	2.83972100	3.46149100
200.27066872	2.83972100	3.46149100
200.40400472	2.92707300	3.46149100
200.53734072	2.92707300	3.54792100
200.67067671	3.01442600	3.54792100
200.80401271	3.05825500	3.54792100
200.93734871	3.10193200	3.63465800
201.07068471	3.14560800	3.63465800
201.20402070	3.18928400	3.63465800
201.33735670	3.23296000	3.63465800
201.47069270	3.23296000	3.72108800
201.60402870	3.27663600	3.72108800
201.73736470	3.36398900	3.72108800
201.87070069	3.40766500	3.80751700
202.00403669	3.45134100	3.80751700
202.13737269	3.49501700	3.80751700
202.27070869	3.53869300	3.89425400
202.40404468	3.53869300	3.89425400
202.53738068	3.62619900	3.89425400
202.67071668	3.66987600	3.98068400
202.80405268	3.71355200	3.98068400
202.93738868	3.75722800	3.98068400
203.07072467	3.75722800	3.98068400
203.20406067	3.75722800	4.06711400
203.33739667	3.84458000	4.06711400
203.47073267	3.84458000	4.15385100
203.60406867	3.88825700	4.15385100
203.73740466	3.88825700	4.15385100
203.87074066	3.93193300	4.24028100
204.00407666	3.93193300	4.24028100
204.13741266	3.97560900	4.24028100
204.27074865	3.97560900	4.32671000
204.40408465	3.97560900	4.32671000
204.53742065	3.97560900	4.32671000
204.67075665	4.01928500	4.32671000
204.80409265	4.01928500	4.32671000
204.93742864	4.01928500	4.41344700
205.07076464	4.01928500	4.41344700
205.20410064	4.01928500	4.49987700
205.33743664	3.97560900	4.49987700
205.47077263	3.97560900	4.49987700
205.60410863	3.93193300	4.58661400
205.73744463	3.93193300	4.58661400
205.87078063	3.93193300	4.58661400
206.00411663	3.88825700	4.58661400
206.13745262	3.84458000	4.67304400
206.27078862	3.84458000	4.67304400
206.40412462	3.75722800	4.67304400
206.53746062	3.75722800	4.75947300
206.67079662	3.71355200	4.75947300
206.80413261	3.66987600	4.75947300
206.93746861	3.62619900	4.75947300
207.07080461	3.58252300	4.84621000
207.20414061	3.53869300	4.84621000
207.33747660	3.53869300	4.84621000
207.47081260	3.40766500	4.93264000
207.60414860	3.40766500	4.93264000
207.73748460	3.32031300	4.93264000
207.87082060	3.27663600	5.01907000
208.00415659	3.18928400	5.01907000
208.13749259	3.14560800	5.01907000
208.27082859	3.10193200	5.01907000
208.40416459	3.05825500	5.10580700
208.53750058	2.97074900	5.10580700
208.67083658	2.97074900	5.19223700
208.80417258	2.92707300	5.19223700
208.93750858	2.83972100	5.19223700
209.07084458	2.83972100	5.19223700
209.20418057	2.79604500	5.27866600
209.33751657	2.79604500	5.27866600
209.47085257	2.70869200	5.27866600
209.60418857	2.70869200	5.36540400
209.73752456	2.66501600	5.36540400
209.87086056	2.66501600	5.36540400
210.00419656	2.62134000	5.36540400
210.13753256	2.62134000	5.45183300
210.27086856	2.62134000	5.45183300
210.40420455	2.62134000	5.45183300
210.53754055	2.62134000	5.53857000
210.67087655	2.57766400	5.53857000
210.80421255	2.62134000	5.53857000
210.93754855	2.66501600	5.62500000
211.07088454	2.62134000	5.62500000
211.20422054	2.62134000	5.62500000
211.33755654	2.66501600	5.62500000
211.47089254	2.70869200	5.71143000
211.60422853	2.70869200	5.71143000
211.73756453	2.70869200	5.79816700
211.87090053	2.75236800	5.71143000
212.00423653	2.75236800	5.79816700
212.13757253	2.79604500	5.79816700
212.27090852	2.83972100	5.79816700
212.40424452	2.88339700	5.88459600
212.53758052	2.88339700	5.88459600
212.67091652	2.97074900	5.97102600
212.80425251	3.01442600	5.97102600
212.93758851	3.05825500	5.97102600
213.07092451	3.05825500	5.97102600
213.20426051	3.14560800	5.97102600
213.33759651	3.18928400	6.05776300
213.47093250	3.23296000	6.05776300
213.60426850	3.32031300	6.05776300
213.73760450	3.36398900	6.14419300
213.87094050	3.45134100	6.14419300
214.00427649	3.45134100	6.14419300
214.13761249	3.53869300	6.23062200
214.27094849	3.58252300	6.23062200
214.40428449	3.62619900	6.23062200
214.53762049	3.66987600	6.23062200
214.67095648	3.71355200	6.31736000
214.80429248	3.75722800	6.40379000
214.93762848	3.80090400	6.31736000
215.07096448	3.80090400	6.40379000
215.20430048	3.84458000	6.40379000
215.33763647	3.88825700	6.40379000
215.47097247	3.93193300	6.49021900
215.60430847	3.93193300	6.49021900
215.73764447	3.93193300	6.49021900
215.87098046	3.93193300	6.57695600
216.00431646	3.93193300	6.57695600
216.13765246	3.93193300	6.57695600
216.27098846	3.93193300	6.57695600
216.40432446	3.88825700	6.66338600
216.53766045	3.88825700	6.66338600
216.67099645	3.88825700	6.66338600
216.80433245	3.84458000	6.75012300
216.93766845	3.84458000	6.75012300
217.07100444	3.80090400	6.75012300
217.20434044	3.75722800	6.83655300
217.33767644	3.71355200	6.83655300
217.47101244	3.66987600	6.92298200
217.60434844	3.66987600	6.92298200
217.73768443	3.58252300	6.92298200
217.87102043	3.58252300	6.92298200
218.00435643	3.53869300	6.92298200
218.13769243	3.49501700	7.00971900
218.27102843	3.45134100	7.00971900
218.40436442	3.40766500	7.00971900
218.53770042	3.36398900	7.09614900
218.67103642	3.32031300	7.09614900
218.80437242	3.23296000	7.09614900
218.93770841	3.18928400	7.18257900
219.07104441	3.14560800	7.18257900
219.20438041	3.05825500	7.18257900
219.33771641	3.10193200	7.26931600
219.47105241	3.01442600	7.26931600
219.60438840	2.97074900	7.26931600
219.73772440	2.92707300	7.35574500
219.87106040	2.88339700	7.26931600
220.00439640	2.83972100	7.35574500
220.13773239	2.79604500	7.35574500
220.27106839	2.75236800	7.35574500
220.40440439	2.70869200	7.44217500
220.53774039	2.70869200	7.44217500
220.67107639	2.66501600	7.44217500
220.80441238	2.66501600	7.52891300
220.93774838	2.62134000	7.52891300
221.07108438	2.62134000	7.52891300
221.20442038	2.57766400	7.61534200
221.33775637	2.57766400	7.61534200
221.47109237	2.57766400	7.61534200
221.60442837	2.57766400	7.61534200
221.73776437	2.57766400	7.70177200
221.87110037	2.57766400	7.70177200
222.00443636	2.57766400	7.78850900
222.13777236	2.62134000	7.78850900
222.27110836	2.62134000	7.78850900
222.40444436	2.66501600	7.87493800
222.53778036	2.70869200	7.87493800
222.67111635	2.70869200	7.87493800
222.80445235	2.75236800	7.87493800
222.93778835	2.79604500	7.87493800
223.07112435	2.83972100	7.96167600
223.20446034	2.83972100	7.96167600
223.33779634	2.88339700	8.04810500
223.47113234	2.92707300	8.04810500
223.60446834	3.01442600	8.04810500
223.73780434	3.05825500	8.04810500
223.87114033	3.14560800	8.13453500
224.00447633	3.14560800	8.13453500
224.13781233	3.18928400	8.13453500
224.27114833	3.18928400	8.22127200
224.40448432	3.27663600	8.22127200
224.53782032	3.27663600	8.22127200
224.67115632	3.36398900	8.30770200
224.80449232	3.40766500	8.30770200
224.93782832	3.40766500	8.30770200
225.07116431	3.45134100	8.30770200
225.20450031	3.49501700	8.39413200
225.33783631	3.49501700	8.39413200
225.47117231	3.53869300	8.39413200
225.60450830	3.58252300	8.48086800
225.73784430	3.62619900	8.48086800
225.87118030	3.66987600	8.48086800
226.00451630	3.71355200	8.48086800
226.13785230	3.71355200	8.56729800
226.27118829	3.75722800	8.56729800
226.40452429	3.75722800	8.56729800
226.53786029	3.80090400	8.65372800
226.67119629	3.80090400	8.65372800
226.80453229	3.84458000	8.65372800
226.93786828	3.84458000	8.74046500
227.07120428	3.88825700	8.74046500
227.20454028	3.88825700	8.74046500
227.33787628	3.93193300	8.74046500
227.47121227	3.93193300	8.82689500
227.60454827	3.93193300	8.82689500
227.73788427	3.93193300	8.82689500
227.87122027	3.93193300	8.91363100
228.00455627	3.93193300	8.91363100
228.13789226	3.93193300	8.91363100
228.27122826	3.93193300	8.91363100
228.40456426	3.88825700	9.00006100
228.53790026	3.88825700	9.00006100
228.67123625	3.88825700	9.08649100
228.80457225	3.84458000	9.08649100
228.93790825	3.84458000	9.08649100
229.07124425	3.80090400	9.08649100
229.20458025	3.75722800	9.17322800
229.33791624	3.75722800	9.17322800
229.47125224	3.75722800	9.17322800
229.60458824	3.71355200	9.17322800
229.73792424	3.71355200	9.25965800
229.87126024	3.62619900	9.25965800
230.00459623	3.62619900	9.34608700
230.13793223	3.62619900	9.34608700
230.27126823	3.62619900	9.34608700
230.40460423	3.53869300	9.34608700
230.53794022	3.53869300	9.34608700
230.67127622	3.49501700	9.43282500
230.80461222	3.49501700	9.43282500
230.93794822	3.45134100	9.43282500
231.07128422	3.45134100	9.51925500
231.20462021	3.40766500	9.51925500
231.33795621	3.40766500	9.51925500
231.47129221	3.32031300	9.51925500
231.60462821	3.32031300	9.60568400
231.73796420	3.27663600	9.60568400
231.87130020	3.27663600	9.69242100
232.00463620	3.23296000	9.69242100
232.13797220	3.18928400	9.69242100
232.27130820	3.18928400	9.77885100
232.40464419	3.10193200	9.77885100
232.53798019	3.10193200	9.77885100
232.67131619	3.10193200	9.77885100
232.80465219	3.05825500	9.77885100
232.93798818	3.05825500	9.77885100
233.07132418	3.05825500	9.69242100
233.20466018	3.05825500	9.69242100
233.33799618	3.05825500	9.69242100
233.47133218	3.05825500	9.60568400
233.60466817	3.10193200	9.60568400
233.73800417	3.10193200	9.51925500
233.87134017	3.10193200	9.51925500
234.00467617	3.18928400	9.51925500
234.13801217	3.18928400	9.43282500
234.27134816	3.23296000	9.43282500
234.40468416	3.23296000	9.43282500
234.53802016	3.27663600	9.43282500
234.67135616	3.32031300	9.34608700
234.80469215	3.32031300	9.34608700
234.93802815	3.36398900	9.34608700
235.07136415	3.45134100	9.34608700
235.20470015	3.40766500	9.25965800
235.33803615	3.45134100	9.25965800
235.47137214	3.49501700	9.25965800
235.60470814	3.53869300	9.17322800
235.73804414	3.58252300	9.17322800
235.87138014	3.62619900	9.17322800
236.00471613	3.62619900	9.08649100
236.13805213	3.66987600	9.08649100
236.27138813	3.66987600	9.08649100
236.40472413	3.75722800	9.00006100
236.53806013	3.75722800	9.00006100
236.67139612	3.80090400	9.00006100
236.80473212	3.75722800	9.00006100
236.93806812	3.84458000	8.91363100
237.07140412	3.84458000	8.91363100
237.20474011	3.84458000	8.91363100
237.33807611	3.88825700	8.91363100
237.47141211	3.88825700	8.82689500
237.60474811	3.88825700	8.82689500
237.73808411	3.88825700	8.74046500
237.87142010	3.88825700	8.74046500
238.00475610	3.88825700	8.74046500
238.13809210	3.93193300	8.65372800
238.27142810	3.93193300	8.65372800
238.40476410	3.93193300	8.65372800
238.53810009	3.93193300	8.65372800
238.67143609	3.93193300	8.56729800
238.80477209	3.93193300	8.56729800
238.93810809	3.88825700	8.56729800
239.07144408	3.93193300	8.48086800
239.20478008	3.88825700	8.48086800
239.33811608	3.88825700	8.48086800
239.47145208	3.88825700	8.39413200
239.60478808	3.88825700	8.39413200
239.73812407	3.84458000	8.30770200
239.87146007	3.88825700	8.30770200
240.00479607	3.84458000	8.30770200
240.13813207	3.84458000	8.30770200
240.27146806	3.80090400	8.22127200
240.40480406	3.80090400	8.22127200
240.53814006	3.75722800	8.22127200
240.67147606	3.80090400	8.13453500
240.80481206	3.75722800	8.13453500
240.93814805	3.71355200	8.13453500
241.07148405	3.66987600	8.04810500
241.20482005	3.66987600	8.04810500
241.33815605	3.62619900	8.04810500
241.47149205	3.62619900	8.04810500
241.60482804	3.58252300	7.96167600
241.73816404	3.53869300	7.96167600
241.87150004	3.53869300	7.96167600
242.00483604	3.49501700	7.96167600
242.13817203	3.45134100	7.87493800
242.27150803	3.40766500	7.87493800
242.40484403	3.32031300	7.78850900
242.53818003	3.27663600	7.78850900
242.67151603	3.18928400	7.78850900
242.80485202	3.18928400	7.70177200
242.93818802	3.14560800	7.70177200
243.07152402	3.10193200	7.70177200
243.20486002	3.05825500	7.70177200
243.33819601	2.97074900	7.61534200
243.47153201	2.97074900	7.61534200
243.60486801	2.92707300	7.61534200
243.73820401	2.88339700	7.61534200
243.87154001	2.83972100	7.52891300
244.00487600	2.79604500	7.52891300
244.13821200	2.79604500	7.44217500
244.27154800	2.75236800	7.44217500
244.40488400	2.70869200	7.44217500
244.53821999	2.70869200	7.44217500
244.67155599	2.66501600	7.35574500
244.80489199	2.66501600	7.35574500
244.93822799	2.62134000	7.35574500
245.07156399	2.62134000	7.26931600
245.20489998	2.57766400	7.26931600
245.33823598	2.57766400	7.18257900
245.47157198	2.57766400	7.18257900
245.60490798	2.53383400	7.18257900
245.73824398	2.53383400	7.18257900
245.87157997	2.53383400	7.09614900
246.00491597	2.53383400	7.09614900
246.13825197	2.53383400	7.09614900
246.27158797	2.53383400	7.00971900
246.40492396	2.53383400	7.00971900
246.53825996	2.53383400	7.00971900
246.67159596	2.53383400	7.00971900
246.80493196	2.53383400	6.92298200
246.93826796	2.53383400	6.92298200
247.07160395	2.57766400	6.92298200
247.20493995	2.57766400	6.83655300
247.33827595	2.62134000	6.83655300
247.47161195	2.62134000	6.83655300
247.60494794	2.62134000	6.75012300
247.73828394	2.66501600	6.75012300
247.87161994	2.66501600	6.75012300
248.00495594	2.70869200	6.75012300
248.13829194	2.70869200	6.66338600
248.27162793	2.75236800	6.66338600
248.40496393	2.79604500	6.57695600
248.53829993	2.83972100	6.57695600
248.67163593	2.88339700	6.57695600
248.80497192	2.92707300	6.57695600
248.93830792	2.92707300	6.49021900
249.07164392	3.01442600	6.49021900
249.20497992	3.05825500	6.49021900
249.33831592	3.10193200	6.40379000
249.47165191	3.14560800	6.40379000
249.60498791	3.18928400	6.40379000
249.73832391	3.23296000	6.40379000
249.87165991	3.23296000	6.31736000
250.00499591	3.32031300	6.31736000
250.13833190	3.36398900	6.23062200
250.27166790	3.40766500	6.23062200
250.40500390	3.45134100	6.23062200
250.53833990	3.49501700	6.23062200
250.67167589	3.53869300	6.14419300
250.80501189	3.58252300	6.14419300
250.93834789	3.62619900	6.14419300
251.07168389	3.66987600	6.05776300
251.20501989	3.66987600	6.05776300
251.33835588	3.71355200	5.97102600
251.47169188	3.75722800	6.05776300
251.60502788	3.75722800	5.97102600
251.73836388	3.80090400	5.97102600
251.87169987	3.84458000	5.88459600
252.00503587	3.80090400	5.88459600
252.13837187	3.88825700	5.88459600
252.27170787	3.88825700	5.88459600
252.40504387	3.88825700	5.79816700
252.53837986	3.93193300	5.79816700
252.67171586	3.88825700	5.71143000
252.80505186	3.88825700	5.71143000
252.93838786	3.93193300	5.71143000
253.07172386	3.93193300	5.71143000
253.20505985	3.97560900	5.62500000
253.33839585	3.93193300	5.62500000
253.47173185	3.97560900	5.62500000
253.60506785	3.93193300	5.53857000
253.73840384	3.93193300	5.53857000
253.87173984	3.88825700	5.53857000
254.00507584	3.88825700	5.53857000
254.13841184	3.88825700	5.45183300
254.27174784	3.88825700	5.45183300
254.40508383	3.84458000	5.36540400
254.53841983	3.84458000	5.36540400
254.67175583	3.80090400	5.36540400
254.80509183	3.80090400	5.36540400
254.93842782	3.71355200	5.27866600
255.07176382	3.71355200	5.27866600
255.20509982	3.66987600	5.27866600
255.33843582	3.62619900	5.27866600
255.47177182	3.58252300	5.19223700
255.60510781	3.58252300	5.19223700
255.73844381	3.49501700	5.10580700
255.87177981	3.49501700	5.10580700
256.00511581	3.45134100	5.01907000
256.13845180	3.40766500	5.10580700
256.27178780	3.36398900	5.01907000
256.40512380	3.32031300	5.01907000
256.53845980	3.23296000	4.93264000
256.67179580	3.23296000	4.93264000
256.80513179	3.18928400	4.93264000
256.93846779	3.14560800	4.93264000
257.07180379	3.10193200	4.93264000
257.20513979	3.01442600	4.84621000
257.33847579	3.01442600	4.84621000
257.47181178	2.97074900	4.84621000
257.60514778	2.92707300	4.75947300
257.73848378	2.88339700	4.75947300
257.87181978	2.88339700	4.75947300
258.00515577	2.79604500	4.67304400
258.13849177	2.79604500	4.67304400
258.27182777	2.75236800	4.67304400
258.40516377	2.70869200	4.58661400
258.53849977	2.70869200	4.58661400
258.67183576	2.70869200	4.58661400
258.80517176	2.66501600	4.49987700
258.93850776	2.66501600	4.49987700
259.07184376	2.66501600	4.49987700
259.20517975	2.62134000	4.49987700
259.33851575	2.62134000	4.41344700
259.47185175	2.57766400	4.41344700
259.60518775	2.62134000	4.41344700
259.73852375	2.57766400	4.32671000
259.87185974	2.57766400	4.32671000
260.00519574	2.57766400	4.32671000
260.13853174	2.62134000	4.24028100
260.27186774	2.62134000	4.24028100
260.40520373	2.62134000	4.24028100
260.53853973	2.66501600	4.15385100
260.67187573	2.66501600	4.15385100
260.80521173	2.70869200	4.15385100
260.93854773	2.70869200	4.15385100
261.07188372	2.70869200	4.06711400
261.20521972	2.79604500	4.06711400
261.33855572	2.79604500	4.06711400
261.47189172	2.88339700	4.06711400
261.60522772	2.88339700	3.98068400
261.73856371	2.97074900	3.98068400
261.87189971	2.97074900	3.89425400
262.00523571	3.01442600	3.89425400
262.13857171	3.05825500	3.89425400
262.27190770	3.10193200	3.80751700
262.40524370	3.18928400	3.80751700
262.53857970	3.23296000	3.80751700
262.67191570	3.27663600	3.80751700
262.80525170	3.32031300	3.72108800
262.93858769	3.36398900	3.72108800
263.07192369	3.36398900	3.72108800
263.20525969	3.40766500	3.72108800
263.33859569	3.49501700	3.63465800
263.47193168	3.53869300	3.63465800
263.60526768	3.53869300	3.54792100
263.73860368	3.58252300	3.54792100
263.87193968	3.66987600	3.54792100
264.00527568	3.71355200	3.54792100
264.13861167	3.71355200	3.46149100
264.27194767	3.80090400	3.46149100
264.40528367	3.80090400	3.46149100
264.53861967	3.84458000	3.37506200
264.67195567	3.88825700	3.37506200
264.80529166	3.93193300	3.37506200
264.93862766	3.97560900	3.28832400
265.07196366	3.97560900	3.28832400
265.20529966	3.97560900	3.28832400
265.33863565	3.97560900	3.28832400
265.47197165	4.01928500	3.20189500
265.60530765	4.01928500	3.20189500
265.73864365	4.01928500	3.20189500
265.87197965	3.97560900	3.11515700
266.00531564	3.97560900	3.11515700
266.13865164	3.97560900	3.02872800
266.27198764	3.93193300	3.02872800
266.40532364	3.93193300	3.02872800
266.53865963	3.88825700	2.94229800
266.67199563	3.84458000	3.02872800
266.80533163	3.80090400	2.94229800
266.93866763	3.75722800	2.94229800
267.07200363	3.75722800	2.94229800
267.20533962	3.66987600	2.85556100
267.33867562	3.62619900	2.85556100
267.47201162	3.53869300	2.85556100
267.60534762	3.53869300	2.76913100
267.73868361	3.45134100	2.76913100
267.87201961	3.40766500	2.68270200
268.00535561	3.32031300	2.68270200
268.13869161	3.32031300	2.68270200
268.27202761	3.18928400	2.68270200
268.40536360	3.18928400	2.68270200
268.53869960	3.10193200	2.59596500
268.67203560	3.05825500	2.59596500
268.80537160	3.01442600	2.50953500
268.93870760	2.97074900	2.50953500
269.07204359	2.92707300	2.50953500
269.20537959	2.88339700	2.42310500
269.33871559	2.83972100	2.42310500
269.47205159	2.79604500	2.42310500
269.60538758	2.75236800	2.42310500
269.73872358	2.70869200	2.33636800
269.87205958	2.66501600	2.33636800
270.00539558	2.66501600	2.33636800
270.13873158	2.66501600	2.24993800
270.27206757	2.66501600	2.24993800
270.40540357	2.66501600	2.24993800
270.53873957	2.66501600	2.24993800
270.67207557	2.66501600	2.16320100
270.80541156	2.70869200	2.16320100
270.93874756	2.70869200	2.07677200
271.07208356	2.75236800	2.07677200
271.20541956	2.75236800	2.07677200
271.33875556	2.83972100	2.07677200
271.47209155	2.83972100	1.99034200
271.60542755	2.88339700	1.99034200
271.73876355	2.97074900	1.99034200
271.87209955	3.01442600	1.99034200
272.00543554	3.10193200	1.90360500
272.13877154	3.14560800	1.90360500
272.27210754	3.23296000	1.90360500
272.40544354	3.32031300	1.81717500
272.53877954	3.32031300	1.81717500
272.67211553	3.45134100	1.81717500
272.80545153	3.53869300	1.73074600
272.93878753	3.58252300	1.73074600
273.07212353	3.62619900	1.73074600
273.20545953	3.66987600	1.73074600
273.33879552	3.71355200	1.64400800
273.47213152	3.75722800	1.64400800
273.60546752	3.80090400	1.55757900
273.73880352	3.88825700	1.55757900
273.87213951	3.93193300	1.55757900
274.00547551	3.93193300	1.55757900
274.13881151	3.97560900	1.55757900
274.27214751	4.01928500	1.47114900
274.40548351	4.01928500	1.47114900
274.53881950	4.01928500	1.38441200
274.67215550	4.01928500	1.38441200
274.80549150	3.97560900	1.38441200
274.93882750	3.97560900	1.38441200
275.07216349	3.97560900	1.29798200
275.20549949	3.93193300	1.29798200
275.33883549	3.88825700	1.21155300
275.47217149	3.84458000	1.21155300
275.60550749	3.80090400	1.21155300
275.73884348	3.75722800	1.12481500
275.87217948	3.66987600	1.21155300
276.00551548	3.62619900	1.12481500
276.13885148	3.53869300	1.12481500
276.27218748	3.49501700	1.12481500
276.40552347	3.40766500	1.03838600
276.53885947	3.32031300	1.03838600
276.67219547	3.27663600	0.95164860
276.80553147	3.14560800	0.95164860
276.93886746	3.10193200	0.95164860
277.07220346	3.01442600	0.95164860
277.20553946	2.97074900	0.86521900
277.33887546	2.92707300	0.86521900
277.47221146	2.88339700	0.86521900
277.60554745	2.79604500	0.77878930
277.73888345	2.83972100	0.77878930
277.87221945	2.75236800	0.77878930
278.00555545	2.75236800	0.69205220
278.13889144	2.70869200	0.69205220
278.27222744	2.75236800	0.69205220
278.40556344	2.70869200	0.69205220
278.53889944	2.75236800	0.60562250
278.67223544	2.79604500	0.60562250
278.80557143	2.79604500	0.60562250
278.93890743	2.79604500	0.51919290
279.07224343	2.88339700	0.51919290
279.20557943	2.92707300	0.51919290
279.33891542	3.01442600	0.43245570
279.47225142	3.05825500	0.43245570
279.60558742	3.10193200	0.43245570
279.73892342	3.18928400	0.43245570
279.87225942	3.23296000	0.34602610
280.00559541	3.27663600	0.34602610
280.13893141	3.36398900	0.34602610
280.27226741	3.40766500	0.25959650
280.40560341	3.49501700	0.25959650
280.53893941	3.53869300	0.25959650
280.67227540	3.58252300	0.25959650
280.80561140	3.62619900	0.17285930
280.93894740	3.71355200	0.17285930
281.07228340	3.71355200	0.08642963
281.20561939	3.84458000	0.08642963
281.33895539	3.84458000	0.08642963
281.47229139	3.93193300	0.08642963
281.60562739	3.97560900	0.08642963
281.73896339	3.97560900	0.08642963
281.87229938	4.01928500	0.08642963
282.00563538	4.01928500	0.17285930
282.13897138	4.06296200	0.17285930
282.27230738	4.01928500	0.25959650
282.40564337	4.01928500	0.25959650
282.53897937	4.01928500	0.25959650
282.67231537	3.97560900	0.25959650
282.80565137	4.01928500	0.34602610
282.93898737	3.97560900	0.34602610
283.07232336	3.97560900	0.34602610
283.20565936	3.88825700	0.43245570
283.33899536	3.88825700	0.43245570
283.47233136	3.84458000	0.43245570
283.60566736	3.80090400	0.51919290
283.73900335	3.80090400	0.51919290
283.87233935	3.75722800	0.51919290
284.00567535	3.71355200	0.60562250
284.13901135	3.66987600	0.60562250
284.27234734	3.58252300	0.60562250
284.40568334	3.58252300	0.69205220
284.53901934	3.53869300	0.69205220
284.67235534	3.45134100	0.69205220
284.80569134	3.40766500	0.69205220
284.93902733	3.32031300	0.77878930
285.07236333	3.32031300	0.77878930
285.20569933	3.23296000	0.77878930
285.33903533	3.23296000	0.86521900
285.47237132	3.18928400	0.86521900
285.60570732	3.10193200	0.86521900
285.73904332	3.10193200	0.95164860
285.87237932	3.01442600	0.95164860
286.00571532	2.97074900	0.95164860
286.13905131	2.92707300	0.95164860
286.27238731	2.88339700	1.03838600
286.40572331	2.83972100	1.03838600
286.53905931	2.79604500	1.03838600
286.67239530	2.79604500	1.12481500
286.80573130	2.79604500	1.12481500
286.93906730	2.75236800	1.12481500
287.07240330	2.75236800	1.21155300
287.20573930	2.70869200	1.21155300
287.33907529	2.70869200	1.21155300
287.47241129	2.70869200	1.29798200
287.60574729	2.70869200	1.29798200
287.73908329	2.70869200	1.29798200
287.87241929	2.70869200	1.29798200
288.00575528	2.75236800	1.38441200
288.13909128	2.79604500	1.38441200
288.27242728	2.83972100	1.38441200
288.40576328	2.83972100	1.47114900
288.53909927	2.88339700	1.47114900
288.67243527	2.92707300	1.47114900
288.80577127	2.97074900	1.47114900
288.93910727	3.01442600	1.55757900
289.07244327	3.05825500	1.55757900
289.20577926	3.10193200	1.55757900
289.33911526	3.14560800	1.64400800
289.47245126	3.18928400	1.64400800
289.60578726	3.27663600	1.64400800
289.73912325	3.32031300	1.73074600
289.87245925	3.36398900	1.73074600
290.00579525	3.45134100	1.73074600
290.13913125	3.45134100	1.81717500
290.27246725	3.53869300	1.81717500
290.40580324	3.58252300	1.81717500
290.53913924	3.62619900	1.81717500
290.67247524	3.66987600	1.90360500
290.80581124	3.71355200	1.90360500
290.93914723	3.75722800	1.90360500
291.07248323	3.80090400	1.99034200
291.20581923	3.84458000	1.99034200
291.33915523	3.88825700	1.99034200
291.47249123	3.93193300	2.07677200
291.60582722	3.97560900	2.07677200
291.73916322	3.97560900	2.07677200
291.87249922	4.01928500	2.16320100
292.00583522	4.01928500	2.16320100
292.13917122	4.01928500	2.16320100
292.27250721	4.01928500	2.16320100
292.40584321	4.01928500	2.24993800
292.53917921	4.06296200	2.24993800
292.67251521	4.06296200	2.24993800
292.80585120	4.01928500	2.33636800
292.93918720	4.01928500	2.33636800
293.07252320	4.01928500	2.33636800
293.20585920	3.97560900	2.42310500
293.33919520	3.97560900	2.42310500
293.47253119	3.97560900	2.42310500
293.60586719	3.93193300	2.50953500
293.73920319	3.88825700	2.50953500
293.87253919	3.80090400	2.50953500
294.00587518	3.80090400	2.50953500
294.13921118	3.71355200	2.59596500
294.27254718	3.71355200	2.59596500
294.40588318	3.66987600	2.59596500
294.53921918	3.62619900	2.68270200
294.67255517	3.58252300	2.68270200
294.80589117	3.53869300	2.68270200
294.93922717	3.49501700	2.76913100
295.07256317	3.45134100	2.76913100
295.20589917	3.36398900	2.76913100
295.33923516	3.32031300	2.76913100
295.47257116	3.23296000	2.85556100
295.60590716	3.23296000	2.85556100
295.73924316	3.14560800	2.85556100
295.87257915	3.14560800	2.94229800
296.00591515	3.05825500	2.94229800
296.13925115	3.01442600	2.94229800
296.27258715	3.01442600	3.02872800
296.40592315	2.92707300	3.02872800
296.53925914	2.88339700	3.02872800
296.67259514	2.83972100	3.11515700
296.80593114	2.79604500	3.11515700
296.93926714	2.75236800	3.11515700
297.07260313	2.75236800	3.11515700
297.20593913	2.70869200	3.20189500
297.33927513	2.66501600	3.20189500
297.47261113	2.70869200	3.28832400
297.60594713	2.66501600	3.28832400
297.73928312	2.66501600	3.28832400
297.87261912	2.66501600	3.28832400
298.00595512	2.66501600	3.28832400
298.13929112	2.66501600	3.37506200
298.27262711	2.66501600	3.37506200
298.40596311	2.66501600	3.46149100
298.53929911	2.75236800	3.46149100
298.67263511	2.79604500	3.46149100
298.80597111	2.79604500	3.54792100
298.93930710	2.79604500	3.54792100
299.07264310	2.88339700	3.54792100
299.20597910	2.88339700	3.54792100
299.33931510	2.92707300	3.63465800
299.47265110	2.97074900	3.63465800
299.60598709	3.01442600	3.63465800
299.73932309	3.05825500	3.72108800
299.87265909	3.10193200	3.72108800
300.00599509	3.14560800	3.72108800
300.13933108	3.18928400	3.80751700
300.27266708	3.23296000	3.80751700
300.40600308	3.27663600	3.80751700
300.53933908	3.32031300	3.80751700
300.67267508	3.40766500	3.89425400
300.80601107	3.45134100	3.89425400
300.93934707	3.45134100	3.89425400
301.07268307	3.53869300	3.98068400
301.20601907	3.53869300	3.98068400
301.33935506	3.58252300	3.98068400
301.47269106	3.66987600	4.06711400
301.60602706	3.71355200	4.06711400
301.73936306	3.71355200	4.06711400
301.87269906	3.75722800	4.15385100
302.00603505	3.80090400	4.15385100
302.13937105	3.80090400	4.15385100
302.27270705	3.84458000	4.15385100
302.40604305	3.88825700	4.24028100
302.53937904	3.88825700	4.24028100
302.67271504	3.93193300	4.24028100
302.80605104	3.93193300	4.32671000
302.93938704	3.97560900	4.32671000
303.07272304	3.97560900	4.32671000
303.20605903	3.97560900	4.32671000
303.33939503	3.97560900	4.41344700
303.47273103	3.97560900	4.41344700
303.60606703	3.97560900	4.49987700
303.73940303	3.97560900	4.49987700
303.87273902	3.93193300	4.49987700
304.00607502	3.93193300	4.49987700
304.13941102	3.93193300	4.58661400
304.27274702	3.88825700	4.58661400
304.40608301	3.84458000	4.58661400
304.53941901	3.80090400	4.67304400
304.67275501	3.71355200	4.67304400
304.80609101	3.66987600	4.67304400
304.93942701	3.58252300	4.75947300
305.07276300	3.58252300	4.75947300
305.20609900	3.49501700	4.75947300
305.33943500	3.40766500	4.75947300
305.47277100	3.40766500	4.84621000
305.60610699	3.27663600	4.84621000
305.73944299	3.27663600	4.84621000
305.87277899	3.18928400	4.93264000
306.00611499	3.14560800	4.93264000
306.13945099	3.10193200	4.93264000
306.27278698	3.05825500	4.93264000
306.40612298	3.01442600	5.01907000
306.53945898	2.97074900	5.01907000
306.67279498	2.92707300	5.01907000
306.80613098	2.88339700	5.10580700
306.93946697	2.83972100	5.10580700
307.07280297	2.79604500	5.10580700
