Frekvens	Kanal A	Kanal B
(ms)	(V)	(V)

0.00000000	4.80576400	3.46149100
0.13333600	4.76208800	3.46149100
0.26667200	4.71841100	3.46149100
0.40000799	4.71841100	3.46149100
0.53334399	4.71841100	3.37506200
0.66667999	4.63105900	3.37506200
0.80001599	4.58738300	3.37506200
0.93335198	4.54355300	3.28832400
1.06668798	4.49987700	3.28832400
1.20002398	4.49987700	3.28832400
1.33335998	4.41252500	3.28832400
1.46669598	4.36884800	3.20189500
1.60003197	4.32517200	3.20189500
1.73336797	4.19414400	3.20189500
1.86670397	4.15046700	3.11515700
2.00003997	4.01928500	3.11515700
2.13337597	3.97560900	3.11515700
2.26671196	3.84458000	3.02872800
2.40004796	3.75722800	3.02872800
2.53338396	3.66987600	2.94229800
2.66671996	3.58252300	3.02872800
2.80005595	3.49501700	2.94229800
2.93339195	3.40766500	2.94229800
3.06672795	3.32031300	2.94229800
3.20006395	3.27663600	2.85556100
3.33339995	3.18928400	2.85556100
3.46673594	3.10193200	2.76913100
3.60007194	2.97074900	2.76913100
3.73340794	2.92707300	2.76913100
3.86674394	2.83972100	2.76913100
4.00007993	2.75236800	2.68270200
4.13341593	2.66501600	2.68270200
4.26675193	2.57766400	2.68270200
4.40008793	2.53383400	2.59596500
4.53342393	2.53383400	2.59596500
4.66675992	2.49015700	2.59596500
4.80009592	2.44648100	2.59596500
4.93343192	2.44648100	2.50953500
5.06676792	2.40280500	2.50953500
5.20010391	2.40280500	2.50953500
5.33343991	2.40280500	2.42310500
5.46677591	2.44648100	2.42310500
5.60011191	2.49015700	2.33636800
5.73344791	2.49015700	2.33636800
5.86678390	2.57766400	2.33636800
6.00011990	2.70869200	2.33636800
6.13345590	2.75236800	2.24993800
6.26679190	2.83972100	2.24993800
6.40012790	2.97074900	2.24993800
6.53346389	3.10193200	2.24993800
6.66679989	3.23296000	2.16320100
6.80013589	3.36398900	2.16320100
6.93347189	3.45134100	2.16320100
7.06680788	3.58252300	2.07677200
7.20014388	3.71355200	2.07677200
7.33347988	3.80090400	1.99034200
7.46681588	3.93193300	1.99034200
7.60015188	4.01928500	1.99034200
7.73348787	4.15046700	1.99034200
7.86682387	4.23782000	1.90360500
8.00015987	4.32517200	1.90360500
8.13349587	4.41252500	1.90360500
8.26683186	4.49987700	1.90360500
8.40016786	4.58738300	1.81717500
8.53350386	4.63105900	1.81717500
8.66683986	4.67473600	1.81717500
8.80017586	4.71841100	1.81717500
8.93351185	4.76208800	1.73074600
9.06684785	4.80576400	1.73074600
9.20018385	4.80576400	1.64400800
9.33351985	4.80576400	1.64400800
9.46685584	4.80576400	1.64400800
9.60019184	4.76208800	1.55757900
9.73352784	4.71841100	1.55757900
9.86686384	4.67473600	1.55757900
10.00019984	4.63105900	1.55757900
10.13353583	4.58738300	1.47114900
10.26687183	4.45620100	1.47114900
10.40020783	4.41252500	1.47114900
10.53354383	4.23782000	1.38441200
10.66687983	4.15046700	1.38441200
10.80021582	4.01928500	1.38441200
10.93355182	3.88825700	1.29798200
11.06688782	3.75722800	1.29798200
11.20022382	3.66987600	1.29798200
11.33355981	3.53869300	1.29798200
11.46689581	3.45134100	1.21155300
11.60023181	3.32031300	1.21155300
11.73356781	3.23296000	1.12481500
11.86690381	3.10193200	1.12481500
12.00023980	2.97074900	1.12481500
12.13357580	2.88339700	1.12481500
12.26691180	2.79604500	1.12481500
12.40024780	2.70869200	1.03838600
12.53358379	2.62134000	1.03838600
12.66691979	2.57766400	1.03838600
12.80025579	2.53383400	0.95164860
12.93359179	2.49015700	0.95164860
13.06692779	2.49015700	0.95164860
13.20026378	2.49015700	0.86521900
13.33359978	2.44648100	0.86521900
13.46693578	2.49015700	0.86521900
13.60027178	2.53383400	0.77878930
13.73360778	2.62134000	0.77878930
13.86694377	2.66501600	0.77878930
14.00027977	2.70869200	0.77878930
14.13361577	2.79604500	0.77878930
14.26695177	2.88339700	0.69205220
14.40028776	2.97074900	0.69205220
14.53362376	3.10193200	0.60562250
14.66695976	3.18928400	0.60562250
14.80029576	3.27663600	0.60562250
14.93363176	3.40766500	0.51919290
15.06696775	3.49501700	0.51919290
15.20030375	3.62619900	0.51919290
15.33363975	3.71355200	0.43245570
15.46697575	3.80090400	0.43245570
15.60031174	3.93193300	0.43245570
15.73364774	4.01928500	0.43245570
15.86698374	4.10679100	0.34602610
16.00031974	4.19414400	0.34602610
16.13365574	4.28149600	0.25959650
16.26699173	4.41252500	0.25959650
16.40032773	4.45620100	0.25959650
16.53366373	4.54355300	0.25959650
16.66699973	4.67473600	0.25959650
16.80033572	4.71841100	0.17285930
16.93367172	4.76208800	0.17285930
17.06700772	4.76208800	0.17285930
17.20034372	4.80576400	0.08642963
17.33367972	4.80576400	0.08642963
17.46701571	4.80576400	0.08642963
17.60035171	4.84944000	0.00000000
17.73368771	4.84944000	0.08642963
17.86702371	4.84944000	0.08642963
18.00035971	4.84944000	0.08642963
18.13369570	4.84944000	0.17285930
18.26703170	4.84944000	0.17285930
18.40036770	4.89311600	0.25959650
18.53370370	4.89311600	0.25959650
18.66703969	4.89311600	0.25959650
18.80037569	4.89311600	0.25959650
18.93371169	4.93679200	0.34602610
19.06704769	4.93679200	0.34602610
19.20038369	4.93679200	0.34602610
19.33371968	4.93679200	0.43245570
19.46705568	4.93679200	0.43245570
19.60039168	4.89311600	0.43245570
19.73372768	4.89311600	0.43245570
19.86706367	4.89311600	0.51919290
20.00039967	4.80576400	0.51919290
20.13373567	4.76208800	0.51919290
20.26707167	4.71841100	0.60562250
20.40040767	4.67473600	0.60562250
20.53374366	4.63105900	0.69205220
20.66707966	4.58738300	0.69205220
20.80041566	4.49987700	0.69205220
20.93375166	4.41252500	0.77878930
21.06708765	4.32517200	0.77878930
21.20042365	4.28149600	0.77878930
21.33375965	4.19414400	0.77878930
21.46709565	4.06296200	0.86521900
21.60043165	4.01928500	0.86521900
21.73376764	3.93193300	0.86521900
21.86710364	3.84458000	0.95164860
22.00043964	3.71355200	0.95164860
22.13377564	3.62619900	0.95164860
22.26711164	3.53869300	0.95164860
22.40044763	3.45134100	1.03838600
22.53378363	3.32031300	1.03838600
22.66711963	3.23296000	1.03838600
22.80045563	3.18928400	1.03838600
22.93379162	3.14560800	1.12481500
23.06712762	3.05825500	1.12481500
23.20046362	3.01442600	1.21155300
23.33379962	2.97074900	1.21155300
23.46713562	2.88339700	1.29798200
23.60047161	2.83972100	1.29798200
23.73380761	2.79604500	1.29798200
23.86714361	2.70869200	1.29798200
24.00047961	2.66501600	1.38441200
24.13381560	2.62134000	1.38441200
24.26715160	2.53383400	1.38441200
24.40048760	2.53383400	1.47114900
24.53382360	2.49015700	1.47114900
24.66715960	2.49015700	1.47114900
24.80049559	2.49015700	1.47114900
24.93383159	2.40280500	1.55757900
25.06716759	2.44648100	1.55757900
25.20050359	2.44648100	1.55757900
25.33383959	2.44648100	1.55757900
25.46717558	2.44648100	1.64400800
25.60051158	2.49015700	1.64400800
25.73384758	2.53383400	1.73074600
25.86718358	2.62134000	1.73074600
26.00051957	2.70869200	1.73074600
26.13385557	2.79604500	1.73074600
26.26719157	2.83972100	1.81717500
26.40052757	3.01442600	1.81717500
26.53386357	3.10193200	1.81717500
26.66719956	3.23296000	1.90360500
26.80053556	3.36398900	1.90360500
26.93387156	3.45134100	1.99034200
27.06720756	3.53869300	1.99034200
27.20054355	3.66987600	1.99034200
27.33387955	3.75722800	1.99034200
27.46721555	3.88825700	2.07677200
27.60055155	3.97560900	2.07677200
27.73388755	4.06296200	2.07677200
27.86722354	4.19414400	2.16320100
28.00055954	4.28149600	2.16320100
28.13389554	4.36884800	2.16320100
28.26723154	4.45620100	2.24993800
28.40056753	4.49987700	2.24993800
28.53390353	4.58738300	2.24993800
28.66723953	4.63105900	2.24993800
28.80057553	4.67473600	2.33636800
28.93391153	4.71841100	2.33636800
29.06724752	4.76208800	2.33636800
29.20058352	4.80576400	2.42310500
29.33391952	4.80576400	2.42310500
29.46725552	4.84944000	2.42310500
29.60059152	4.84944000	2.50953500
29.73392751	4.80576400	2.50953500
29.86726351	4.84944000	2.50953500
30.00059951	4.84944000	2.50953500
30.13393551	4.80576400	2.59596500
30.26727150	4.76208800	2.59596500
30.40060750	4.76208800	2.59596500
30.53394350	4.67473600	2.68270200
30.66727950	4.63105900	2.68270200
30.80061550	4.54355300	2.76913100
30.93395149	4.49987700	2.76913100
31.06728749	4.41252500	2.76913100
31.20062349	4.32517200	2.85556100
31.33395949	4.23782000	2.85556100
31.46729548	4.15046700	2.85556100
31.60063148	4.01928500	2.85556100
31.73396748	3.88825700	2.94229800
31.86730348	3.75722800	2.94229800
32.00063948	3.62619900	3.02872800
32.13397547	3.49501700	3.02872800
32.26731147	3.36398900	3.02872800
32.40064747	3.27663600	3.11515700
32.53398347	3.10193200	3.11515700
32.66731946	2.97074900	3.11515700
32.80065546	2.88339700	3.11515700
32.93399146	2.79604500	3.11515700
33.06732746	2.70869200	3.20189500
33.20066346	2.62134000	3.20189500
33.33399945	2.53383400	3.28832400
33.46733545	2.44648100	3.28832400
33.60067145	2.44648100	3.28832400
33.73400745	2.44648100	3.28832400
33.86734345	2.40280500	3.37506200
34.00067944	2.40280500	3.37506200
34.13401544	2.40280500	3.37506200
34.26735144	2.40280500	3.46149100
34.40068744	2.49015700	3.46149100
34.53402343	2.44648100	3.46149100
34.66735943	2.53383400	3.46149100
34.80069543	2.53383400	3.54792100
34.93403143	2.62134000	3.54792100
35.06736743	2.66501600	3.63465800
35.20070342	2.70869200	3.63465800
35.33403942	2.75236800	3.63465800
35.46737542	2.79604500	3.63465800
35.60071142	2.83972100	3.72108800
35.73404741	2.92707300	3.72108800
35.86738341	2.92707300	3.80751700
36.00071941	3.01442600	3.80751700
36.13405541	3.05825500	3.80751700
36.26739141	3.18928400	3.89425400
36.40072740	3.27663600	3.80751700
36.53406340	3.36398900	3.89425400
36.66739940	3.45134100	3.89425400
36.80073540	3.58252300	3.98068400
36.93407140	3.66987600	3.98068400
37.06740739	3.75722800	3.98068400
37.20074339	3.84458000	3.98068400
37.33407939	3.93193300	4.06711400
37.46741539	4.01928500	4.06711400
37.60075138	4.15046700	4.06711400
37.73408738	4.23782000	4.15385100
37.86742338	4.28149600	4.15385100
38.00075938	4.36884800	4.15385100
38.13409538	4.41252500	4.24028100
38.26743137	4.49987700	4.24028100
38.40076737	4.58738300	4.24028100
38.53410337	4.63105900	4.32671000
38.66743937	4.67473600	4.32671000
38.80077536	4.71841100	4.32671000
38.93411136	4.71841100	4.41344700
39.06744736	4.76208800	4.41344700
39.20078336	4.80576400	4.41344700
39.33411936	4.76208800	4.49987700
39.46745535	4.80576400	4.49987700
39.60079135	4.80576400	4.49987700
39.73412735	4.80576400	4.49987700
39.86746335	4.76208800	4.58661400
40.00079934	4.76208800	4.58661400
40.13413534	4.76208800	4.58661400
40.26747134	4.76208800	4.67304400
40.40080734	4.71841100	4.67304400
40.53414334	4.71841100	4.67304400
40.66747933	4.67473600	4.75947300
40.80081533	4.71841100	4.75947300
40.93415133	4.67473600	4.75947300
41.06748733	4.67473600	4.84621000
41.20082333	4.63105900	4.84621000
41.33415932	4.63105900	4.84621000
41.46749532	4.58738300	4.84621000
41.60083132	4.54355300	4.93264000
41.73416732	4.54355300	4.93264000
41.86750331	4.49987700	4.93264000
42.00083931	4.45620100	4.93264000
42.13417531	4.45620100	5.01907000
42.26751131	4.41252500	5.01907000
42.40084731	4.36884800	5.10580700
42.53418330	4.28149600	5.10580700
42.66751930	4.23782000	5.19223700
42.80085530	4.15046700	5.19223700
42.93419130	4.10679100	5.19223700
43.06752729	4.01928500	5.19223700
43.20086329	3.93193300	5.27866600
43.33419929	3.84458000	5.27866600
43.46753529	3.75722800	5.27866600
43.60087129	3.66987600	5.27866600
43.73420728	3.53869300	5.36540400
43.86754328	3.45134100	5.36540400
44.00087928	3.32031300	5.36540400
44.13421528	3.18928400	5.36540400
44.26755127	3.10193200	5.45183300
44.40088727	2.97074900	5.45183300
44.53422327	2.88339700	5.53857000
44.66755927	2.75236800	5.53857000
44.80089527	2.70869200	5.53857000
44.93423126	2.62134000	5.53857000
45.06756726	2.53383400	5.62500000
45.20090326	2.49015700	5.62500000
45.33423926	2.44648100	5.71143000
45.46757526	2.40280500	5.71143000
45.60091125	2.35912900	5.71143000
45.73424725	2.35912900	5.79816700
45.86758325	2.31545300	5.79816700
46.00091925	2.31545300	5.79816700
46.13425524	2.27177700	5.79816700
46.26759124	2.27177700	5.88459600
46.40092724	2.27177700	5.88459600
46.53426324	2.27177700	5.88459600
46.66759924	2.27177700	5.88459600
46.80093523	2.31545300	5.97102600
46.93427123	2.27177700	5.97102600
47.06760723	2.31545300	5.97102600
47.20094323	2.31545300	6.05776300
47.33427922	2.31545300	6.05776300
47.46761522	2.31545300	6.14419300
47.60095122	2.40280500	6.14419300
47.73428722	2.40280500	6.14419300
47.86762322	2.44648100	6.14419300
48.00095921	2.44648100	6.23062200
48.13429521	2.53383400	6.23062200
48.26763121	2.57766400	6.31736000
48.40096721	2.66501600	6.31736000
48.53430321	2.75236800	6.31736000
48.66763920	2.83972100	6.31736000
48.80097520	2.88339700	6.31736000
48.93431120	3.01442600	6.40379000
49.06764720	3.14560800	6.40379000
49.20098319	3.23296000	6.40379000
49.33431919	3.36398900	6.49021900
49.46765519	3.49501700	6.49021900
49.60099119	3.62619900	6.57695600
49.73432719	3.75722800	6.57695600
49.86766318	3.88825700	6.57695600
50.00099918	3.97560900	6.66338600
50.13433518	4.10679100	6.66338600
50.26767118	4.19414400	6.66338600
50.40100717	4.28149600	6.66338600
50.53434317	4.36884800	6.66338600
50.66767917	4.45620100	6.75012300
50.80101517	4.54355300	6.75012300
50.93435117	4.63105900	6.83655300
51.06768716	4.63105900	6.83655300
51.20102316	4.67473600	6.83655300
51.33435916	4.67473600	6.83655300
51.46769516	4.67473600	6.92298200
51.60103115	4.67473600	6.92298200
51.73436715	4.67473600	6.92298200
51.86770315	4.67473600	7.00971900
52.00103915	4.67473600	7.00971900
52.13437515	4.63105900	7.00971900
52.26771114	4.58738300	7.09614900
52.40104714	4.54355300	7.09614900
52.53438314	4.54355300	7.09614900
52.66771914	4.49987700	7.09614900
52.80105514	4.45620100	7.18257900
52.93439113	4.41252500	7.18257900
53.06772713	4.32517200	7.18257900
53.20106313	4.32517200	7.18257900
53.33439913	4.28149600	7.26931600
53.46773512	4.19414400	7.35574500
53.60107112	4.15046700	7.35574500
53.73440712	4.06296200	7.35574500
53.86774312	4.01928500	7.35574500
54.00107912	3.97560900	7.44217500
54.13441511	3.93193300	7.44217500
54.26775111	3.84458000	7.44217500
54.40108711	3.80090400	7.52891300
54.53442311	3.66987600	7.52891300
54.66775910	3.62619900	7.52891300
54.80109510	3.49501700	7.52891300
54.93443110	3.36398900	7.61534200
55.06776710	3.23296000	7.61534200
55.20110310	3.10193200	7.61534200
55.33443909	2.97074900	7.70177200
55.46777509	2.88339700	7.70177200
55.60111109	2.75236800	7.70177200
55.73444709	2.66501600	7.70177200
55.86778308	2.57766400	7.78850900
56.00111908	2.53383400	7.78850900
56.13445508	2.44648100	7.78850900
56.26779108	2.40280500	7.87493800
56.40112708	2.35912900	7.87493800
56.53446307	2.31545300	7.87493800
56.66779907	2.31545300	7.96167600
56.80113507	2.31545300	7.96167600
56.93447107	2.27177700	7.96167600
57.06780707	2.31545300	7.96167600
57.20114306	2.35912900	8.04810500
57.33447906	2.40280500	8.04810500
57.46781506	2.49015700	8.04810500
57.60115106	2.53383400	8.13453500
57.73448705	2.53383400	8.13453500
57.86782305	2.62134000	8.22127200
58.00115905	2.66501600	8.22127200
58.13449505	2.75236800	8.22127200
58.26783105	2.79604500	8.22127200
58.40116704	2.88339700	8.30770200
58.53450304	2.92707300	8.30770200
58.66783904	2.97074900	8.30770200
58.80117504	3.01442600	8.30770200
58.93451103	3.10193200	8.39413200
59.06784703	3.14560800	8.39413200
59.20118303	3.18928400	8.48086800
59.33451903	3.23296000	8.48086800
59.46785503	3.32031300	8.48086800
59.60119102	3.32031300	8.56729800
59.73452702	3.45134100	8.56729800
59.86786302	3.45134100	8.56729800
60.00119902	3.53869300	8.56729800
60.13453502	3.58252300	8.65372800
60.26787101	3.66987600	8.65372800
60.40120701	3.71355200	8.65372800
60.53454301	3.80090400	8.65372800
60.66787901	3.84458000	8.74046500
60.80121500	3.88825700	8.74046500
60.93455100	3.93193300	8.82689500
61.06788700	4.01928500	8.82689500
61.20122300	4.01928500	8.82689500
61.33455900	4.06296200	8.82689500
61.46789499	4.10679100	8.91363100
61.60123099	4.15046700	8.91363100
61.73456699	4.23782000	8.91363100
61.86790299	4.32517200	9.00006100
62.00123898	4.32517200	9.00006100
62.13457498	4.36884800	9.00006100
62.26791098	4.45620100	9.08649100
62.40124698	4.54355300	9.08649100
62.53458298	4.54355300	9.08649100
62.66791897	4.54355300	9.17322800
62.80125497	4.63105900	9.08649100
62.93459097	4.63105900	9.17322800
63.06792697	4.63105900	9.25965800
63.20126296	4.67473600	9.25965800
63.33459896	4.71841100	9.25965800
63.46793496	4.67473600	9.25965800
63.60127096	4.71841100	9.34608700
63.73460696	4.67473600	9.34608700
63.86794295	4.67473600	9.34608700
64.00127895	4.67473600	9.43282500
64.13461495	4.63105900	9.43282500
64.26795095	4.58738300	9.43282500
64.40128695	4.58738300	9.51925500
64.53462294	4.58738300	9.51925500
64.66795894	4.54355300	9.51925500
64.80129494	4.54355300	9.51925500
64.93463094	4.49987700	9.60568400
65.06796693	4.49987700	9.60568400
65.20130293	4.45620100	9.60568400
65.33463893	4.45620100	9.60568400
65.46797493	4.45620100	9.69242100
65.60131093	4.41252500	9.69242100
65.73464692	4.36884800	9.77885100
65.86798292	4.32517200	9.77885100
66.00131892	4.28149600	9.77885100
66.13465492	4.23782000	9.86528000
66.26799091	4.19414400	9.77885100
66.40132691	4.23782000	9.77885100
66.53466291	4.19414400	9.77885100
66.66799891	4.19414400	9.69242100
66.80133491	4.19414400	9.69242100
66.93467090	4.19414400	9.60568400
67.06800690	4.23782000	9.60568400
67.20134290	4.32517200	9.60568400
67.33467890	4.28149600	9.51925500
67.46801489	4.36884800	9.60568400
67.60135089	4.36884800	9.51925500
67.73468689	4.36884800	9.51925500
67.86802289	4.41252500	9.43282500
68.00135889	4.41252500	9.43282500
68.13469488	4.45620100	9.43282500
68.26803088	4.49987700	9.34608700
68.40136688	4.45620100	9.34608700
68.53470288	4.49987700	9.34608700
68.66803888	4.54355300	9.25965800
68.80137487	4.58738300	9.25965800
68.93471087	4.58738300	9.25965800
69.06804687	4.63105900	9.17322800
69.20138287	4.63105900	9.17322800
69.33471886	4.67473600	9.17322800
69.46805486	4.67473600	9.17322800
69.60139086	4.67473600	9.17322800
69.73472686	4.67473600	9.08649100
69.86806286	4.71841100	9.08649100
70.00139885	4.71841100	9.08649100
70.13473485	4.71841100	9.00006100
70.26807085	4.71841100	9.00006100
70.40140685	4.76208800	8.91363100
70.53474284	4.71841100	8.91363100
70.66807884	4.71841100	8.91363100
70.80141484	4.71841100	8.91363100
70.93475084	4.67473600	8.82689500
71.06808684	4.67473600	8.82689500
71.20142283	4.63105900	8.74046500
71.33475883	4.63105900	8.82689500
71.46809483	4.67473600	8.74046500
71.60143083	4.58738300	8.74046500
71.73476683	4.63105900	8.65372800
71.86810282	4.54355300	8.65372800
72.00143882	4.54355300	8.65372800
72.13477482	4.45620100	8.56729800
72.26811082	4.41252500	8.56729800
72.40144681	4.36884800	8.56729800
72.53478281	4.28149600	8.56729800
72.66811881	4.19414400	8.48086800
72.80145481	4.15046700	8.48086800
72.93479081	4.10679100	8.39413200
73.06812680	4.06296200	8.39413200
73.20146280	4.01928500	8.39413200
73.33479880	3.97560900	8.39413200
73.46813480	3.93193300	8.30770200
73.60147079	3.88825700	8.30770200
73.73480679	3.84458000	8.30770200
73.86814279	3.71355200	8.22127200
74.00147879	3.66987600	8.22127200
74.13481479	3.58252300	8.22127200
74.26815078	3.49501700	8.22127200
74.40148678	3.40766500	8.13453500
74.53482278	3.32031300	8.13453500
74.66815878	3.27663600	8.13453500
74.80149477	3.23296000	8.04810500
74.93483077	3.18928400	8.04810500
75.06816677	3.10193200	7.96167600
75.20150277	3.14560800	7.96167600
75.33483877	3.05825500	7.96167600
75.46817476	3.01442600	7.87493800
75.60151076	2.92707300	7.87493800
75.73484676	2.88339700	7.87493800
75.86818276	2.75236800	7.87493800
76.00151876	2.70869200	7.87493800
76.13485475	2.57766400	7.78850900
76.26819075	2.57766400	7.78850900
76.40152675	2.44648100	7.70177200
76.53486275	2.44648100	7.70177200
76.66819874	2.40280500	7.70177200
76.80153474	2.35912900	7.61534200
76.93487074	2.31545300	7.61534200
77.06820674	2.31545300	7.61534200
77.20154274	2.27177700	7.61534200
77.33487873	2.27177700	7.52891300
77.46821473	2.27177700	7.52891300
77.60155073	2.27177700	7.52891300
77.73488673	2.22810000	7.44217500
77.86822272	2.27177700	7.44217500
78.00155872	2.27177700	7.44217500
78.13489472	2.31545300	7.35574500
78.26823072	2.31545300	7.35574500
78.40156672	2.40280500	7.35574500
78.53490271	2.44648100	7.26931600
78.66823871	2.44648100	7.26931600
78.80157471	2.44648100	7.26931600
78.93491071	2.49015700	7.18257900
79.06824670	2.49015700	7.18257900
79.20158270	2.57766400	7.18257900
79.33491870	2.57766400	7.18257900
79.46825470	2.66501600	7.09614900
79.60159070	2.70869200	7.09614900
79.73492669	2.75236800	7.09614900
79.86826269	2.79604500	7.09614900
80.00159869	2.92707300	7.00971900
80.13493469	2.97074900	7.00971900
80.26827069	3.05825500	6.92298200
80.40160668	3.05825500	6.92298200
80.53494268	3.10193200	6.92298200
80.66827868	3.14560800	6.83655300
80.80161468	3.18928400	6.83655300
80.93495067	3.23296000	6.83655300
81.06828667	3.27663600	6.75012300
81.20162267	3.36398900	6.75012300
81.33495867	3.45134100	6.75012300
81.46829467	3.49501700	6.66338600
81.60163066	3.58252300	6.66338600
81.73496666	3.62619900	6.66338600
81.86830266	3.75722800	6.66338600
82.00163866	3.84458000	6.57695600
82.13497465	3.93193300	6.57695600
82.26831065	3.97560900	6.57695600
82.40164665	4.01928500	6.57695600
82.53498265	4.06296200	6.49021900
82.66831865	4.10679100	6.49021900
82.80165464	4.15046700	6.40379000
82.93499064	4.23782000	6.40379000
83.06832664	4.28149600	6.40379000
83.20166264	4.36884800	6.40379000
83.33499864	4.45620100	6.31736000
83.46833463	4.49987700	6.31736000
83.60167063	4.54355300	6.31736000
83.73500663	4.58738300	6.23062200
83.86834263	4.67473600	6.23062200
84.00167862	4.71841100	6.23062200
84.13501462	4.71841100	6.23062200
84.26835062	4.71841100	6.14419300
84.40168662	4.71841100	6.14419300
84.53502262	4.76208800	6.14419300
84.66835861	4.76208800	6.05776300
84.80169461	4.76208800	6.05776300
84.93503061	4.76208800	6.05776300
85.06836661	4.71841100	5.97102600
85.20170260	4.67473600	5.97102600
85.33503860	4.63105900	5.97102600
85.46837460	4.54355300	5.88459600
85.60171060	4.49987700	5.88459600
85.73504660	4.41252500	5.88459600
85.86838259	4.41252500	5.79816700
86.00171859	4.32517200	5.79816700
86.13505459	4.32517200	5.79816700
86.26839059	4.28149600	5.79816700
86.40172658	4.23782000	5.71143000
86.53506258	4.19414400	5.71143000
86.66839858	4.19414400	5.71143000
86.80173458	4.10679100	5.62500000
86.93507058	4.06296200	5.62500000
87.06840657	4.01928500	5.62500000
87.20174257	3.97560900	5.53857000
87.33507857	3.88825700	5.53857000
87.46841457	3.84458000	5.53857000
87.60175057	3.80090400	5.53857000
87.73508656	3.75722800	5.45183300
87.86842256	3.75722800	5.45183300
88.00175856	3.71355200	5.36540400
88.13509456	3.66987600	5.36540400
88.26843055	3.62619900	5.36540400
88.40176655	3.53869300	5.36540400
88.53510255	3.45134100	5.27866600
88.66843855	3.36398900	5.27866600
88.80177455	3.27663600	5.27866600
88.93511054	3.14560800	5.19223700
89.06844654	3.05825500	5.19223700
89.20178254	2.97074900	5.19223700
89.33511854	2.92707300	5.10580700
89.46845453	2.83972100	5.10580700
89.60179053	2.79604500	5.10580700
89.73512653	2.70869200	5.01907000
89.86846253	2.70869200	5.01907000
90.00179853	2.57766400	5.01907000
90.13513452	2.53383400	5.01907000
90.26847052	2.44648100	4.93264000
90.40180652	2.44648100	4.93264000
90.53514252	2.40280500	4.93264000
90.66847851	2.35912900	4.93264000
90.80181451	2.35912900	4.84621000
90.93515051	2.31545300	4.84621000
91.06848651	2.31545300	4.75947300
91.20182251	2.31545300	4.75947300
91.33515850	2.31545300	4.75947300
91.46849450	2.31545300	4.67304400
91.60183050	2.35912900	4.67304400
91.73516650	2.40280500	4.67304400
91.86850250	2.44648100	4.67304400
92.00183849	2.49015700	4.58661400
92.13517449	2.53383400	4.58661400
92.26851049	2.57766400	4.58661400
92.40184649	2.62134000	4.49987700
92.53518248	2.66501600	4.49987700
92.66851848	2.70869200	4.49987700
92.80185448	2.79604500	4.41344700
92.93519048	2.83972100	4.41344700
93.06852648	2.92707300	4.41344700
93.20186247	3.01442600	4.41344700
93.33519847	3.01442600	4.32671000
93.46853447	3.14560800	4.32671000
93.60187047	3.18928400	4.32671000
93.73520646	3.23296000	4.24028100
93.86854246	3.27663600	4.24028100
94.00187846	3.32031300	4.24028100
94.13521446	3.36398900	4.24028100
94.26855046	3.40766500	4.15385100
94.40188645	3.45134100	4.15385100
94.53522245	3.49501700	4.06711400
94.66855845	3.53869300	4.06711400
94.80189445	3.58252300	4.06711400
94.93523045	3.66987600	3.98068400
95.06856644	3.75722800	3.98068400
95.20190244	3.84458000	3.89425400
95.33523844	3.93193300	3.98068400
95.46857444	4.01928500	3.89425400
95.60191043	4.06296200	3.89425400
95.73524643	4.10679100	3.89425400
95.86858243	4.19414400	3.89425400
96.00191843	4.23782000	3.80751700
96.13525443	4.32517200	3.80751700
96.26859042	4.36884800	3.72108800
96.40192642	4.45620100	3.72108800
96.53526242	4.49987700	3.63465800
96.66859842	4.54355300	3.72108800
96.80193441	4.63105900	3.63465800
96.93527041	4.63105900	3.63465800
97.06860641	4.67473600	3.63465800
97.20194241	4.76208800	3.54792100
97.33527841	4.71841100	3.54792100
97.46861440	4.71841100	3.54792100
97.60195040	4.71841100	3.46149100
97.73528640	4.71841100	3.46149100
97.86862240	4.71841100	3.46149100
98.00195839	4.67473600	3.46149100
98.13529439	4.67473600	3.37506200
98.26863039	4.63105900	3.37506200
98.40196639	4.54355300	3.37506200
98.53530239	4.45620100	3.28832400
98.66863838	4.41252500	3.28832400
98.80197438	4.32517200	3.28832400
98.93531038	4.23782000	3.20189500
99.06864638	4.15046700	3.20189500
99.20198238	4.06296200	3.20189500
99.33531837	4.01928500	3.11515700
99.46865437	4.01928500	3.11515700
99.60199037	3.88825700	3.11515700
99.73532637	3.84458000	3.11515700
99.86866236	3.75722800	3.11515700
100.00199836	3.71355200	3.02872800
100.13533436	3.58252300	2.94229800
100.26867036	3.53869300	2.94229800
100.40200636	3.45134100	2.94229800
100.53534235	3.40766500	2.85556100
100.66867835	3.32031300	2.85556100
100.80201435	3.23296000	2.85556100
100.93535035	3.14560800	2.85556100
101.06868634	3.10193200	2.85556100
101.20202234	3.01442600	2.76913100
101.33535834	2.97074900	2.76913100
101.46869434	2.92707300	2.68270200
101.60203034	2.79604500	2.68270200
101.73536633	2.75236800	2.68270200
101.86870233	2.66501600	2.68270200
102.00203833	2.62134000	2.59596500
102.13537433	2.53383400	2.59596500
102.26871033	2.53383400	2.50953500
102.40204632	2.49015700	2.50953500
102.53538232	2.40280500	2.50953500
102.66871832	2.44648100	2.50953500
102.80205432	2.35912900	2.42310500
102.93539031	2.35912900	2.42310500
103.06872631	2.35912900	2.42310500
103.20206231	2.35912900	2.33636800
103.33539831	2.40280500	2.33636800
103.46873431	2.44648100	2.33636800
103.60207030	2.49015700	2.24993800
103.73540630	2.53383400	2.24993800
103.86874230	2.62134000	2.24993800
104.00207830	2.66501600	2.24993800
104.13541429	2.66501600	2.16320100
104.26875029	2.75236800	2.16320100
104.40208629	2.79604500	2.16320100
104.53542229	2.88339700	2.16320100
104.66875829	2.97074900	2.07677200
104.80209428	3.10193200	2.07677200
104.93543028	3.23296000	1.99034200
105.06876628	3.36398900	1.99034200
105.20210228	3.45134100	1.99034200
105.33543827	3.58252300	1.99034200
105.46877427	3.71355200	1.90360500
105.60211027	3.80090400	1.90360500
105.73544627	3.93193300	1.81717500
105.86878227	3.97560900	1.81717500
106.00211826	4.06296200	1.81717500
106.13545426	4.19414400	1.81717500
106.26879026	4.23782000	1.81717500
106.40212626	4.32517200	1.73074600
106.53546226	4.41252500	1.73074600
106.66879825	4.45620100	1.73074600
106.80213425	4.54355300	1.64400800
106.93547025	4.63105900	1.64400800
107.06880625	4.67473600	1.64400800
107.20214224	4.67473600	1.64400800
107.33547824	4.76208800	1.55757900
107.46881424	4.76208800	1.55757900
107.60215024	4.80576400	1.47114900
107.73548624	4.80576400	1.47114900
107.86882223	4.80576400	1.47114900
108.00215823	4.76208800	1.47114900
108.13549423	4.76208800	1.38441200
108.26883023	4.71841100	1.38441200
108.40216622	4.63105900	1.38441200
108.53550222	4.54355300	1.29798200
108.66883822	4.45620100	1.29798200
108.80217422	4.36884800	1.29798200
108.93551022	4.28149600	1.21155300
109.06884621	4.15046700	1.21155300
109.20218221	4.06296200	1.21155300
109.33551821	3.93193300	1.21155300
109.46885421	3.80090400	1.12481500
109.60219020	3.66987600	1.12481500
109.73552620	3.53869300	1.03838600
109.86886220	3.36398900	1.03838600
110.00219820	3.23296000	1.03838600
110.13553420	3.10193200	0.95164860
110.26887019	2.92707300	0.95164860
110.40220619	2.83972100	0.95164860
110.53554219	2.75236800	0.95164860
110.66887819	2.66501600	0.86521900
110.80221419	2.57766400	0.86521900
110.93555018	2.53383400	0.86521900
111.06888618	2.49015700	0.77878930
111.20222218	2.49015700	0.77878930
111.33555818	2.44648100	0.77878930
111.46889417	2.49015700	0.77878930
111.60223017	2.49015700	0.69205220
111.73556617	2.57766400	0.69205220
111.86890217	2.66501600	0.69205220
112.00223817	2.70869200	0.60562250
112.13557416	2.83972100	0.60562250
112.26891016	2.92707300	0.60562250
112.40224616	3.01442600	0.51919290
112.53558216	3.18928400	0.51919290
112.66891815	3.27663600	0.51919290
112.80225415	3.40766500	0.43245570
112.93559015	3.49501700	0.43245570
113.06892615	3.62619900	0.43245570
113.20226215	3.75722800	0.43245570
113.33559814	3.93193300	0.34602610
113.46893414	4.06296200	0.34602610
113.60227014	4.19414400	0.34602610
113.73560614	4.32517200	0.34602610
113.86894214	4.45620100	0.25959650
114.00227813	4.54355300	0.25959650
114.13561413	4.63105900	0.25959650
114.26895013	4.71841100	0.17285930
114.40228613	4.76208800	0.17285930
114.53562212	4.76208800	0.17285930
114.66895812	4.76208800	0.08642963
114.80229412	4.80576400	0.08642963
114.93563012	4.76208800	0.08642963
115.06896612	4.71841100	0.08642963
115.20230211	4.63105900	0.08642963
115.33563811	4.63105900	0.08642963
115.46897411	4.58738300	0.08642963
115.60231011	4.58738300	0.17285930
115.73564610	4.54355300	0.17285930
115.86898210	4.58738300	0.17285930
116.00231810	4.58738300	0.25959650
116.13565410	4.58738300	0.25959650
116.26899010	4.63105900	0.25959650
116.40232609	4.67473600	0.34602610
116.53566209	4.71841100	0.34602610
116.66899809	4.71841100	0.34602610
116.80233409	4.76208800	0.43245570
116.93567008	4.80576400	0.43245570
117.06900608	4.84944000	0.43245570
117.20234208	4.84944000	0.43245570
117.33567808	4.89311600	0.51919290
117.46901408	4.89311600	0.51919290
117.60235007	4.89311600	0.60562250
117.73568607	4.93679200	0.51919290
117.86902207	4.93679200	0.60562250
118.00235807	4.89311600	0.60562250
118.13569407	4.89311600	0.69205220
118.26903006	4.89311600	0.69205220
118.40236606	4.89311600	0.69205220
118.53570206	4.89311600	0.77878930
118.66903806	4.84944000	0.77878930
118.80237405	4.84944000	0.77878930
118.93571005	4.80576400	0.86521900
119.06904605	4.76208800	0.86521900
119.20238205	4.71841100	0.86521900
119.33571805	4.67473600	0.86521900
119.46905404	4.63105900	0.95164860
119.60239004	4.49987700	0.95164860
119.73572604	4.45620100	0.95164860
119.86906204	4.36884800	1.03838600
120.00239803	4.32517200	1.03838600
120.13573403	4.23782000	1.03838600
120.26907003	4.15046700	1.12481500
120.40240603	4.10679100	1.12481500
120.53574203	4.01928500	1.12481500
120.66907802	3.93193300	1.12481500
120.80241402	3.84458000	1.21155300
120.93575002	3.71355200	1.21155300
121.06908602	3.62619900	1.29798200
121.20242201	3.49501700	1.29798200
121.33575801	3.36398900	1.29798200
121.46909401	3.23296000	1.29798200
121.60243001	3.14560800	1.38441200
121.73576601	3.05825500	1.38441200
121.86910200	2.97074900	1.38441200
122.00243800	2.88339700	1.47114900
122.13577400	2.79604500	1.47114900
122.26911000	2.70869200	1.55757900
122.40244600	2.66501600	1.55757900
122.53578199	2.57766400	1.55757900
122.66911799	2.53383400	1.55757900
122.80245399	2.49015700	1.64400800
122.93578999	2.53383400	1.64400800
123.06912598	2.49015700	1.64400800
123.20246198	2.49015700	1.64400800
123.33579798	2.49015700	1.73074600
123.46913398	2.53383400	1.73074600
123.60246998	2.53383400	1.81717500
123.73580597	2.62134000	1.81717500
123.86914197	2.66501600	1.81717500
124.00247797	2.75236800	1.81717500
124.13581397	2.83972100	1.81717500
124.26914996	2.92707300	1.90360500
124.40248596	3.05825500	1.90360500
124.53582196	3.18928400	1.99034200
124.66915796	3.27663600	1.99034200
124.80249396	3.40766500	1.99034200
124.93582995	3.49501700	1.99034200
125.06916595	3.62619900	2.07677200
125.20250195	3.75722800	2.07677200
125.33583795	3.84458000	2.07677200
125.46917395	3.93193300	2.16320100
125.60250994	4.06296200	2.16320100
125.73584594	4.19414400	2.16320100
125.86918194	4.28149600	2.24993800
126.00251794	4.36884800	2.24993800
126.13585393	4.45620100	2.24993800
126.26918993	4.54355300	2.33636800
126.40252593	4.58738300	2.33636800
126.53586193	4.67473600	2.33636800
126.66919793	4.71841100	2.33636800
126.80253392	4.76208800	2.42310500
126.93586992	4.80576400	2.42310500
127.06920592	4.80576400	2.50953500
127.20254192	4.80576400	2.50953500
127.33587791	4.80576400	2.50953500
127.46921391	4.76208800	2.50953500
127.60254991	4.76208800	2.59596500
127.73588591	4.67473600	2.59596500
127.86922191	4.63105900	2.68270200
128.00255790	4.58738300	2.68270200
128.13589390	4.45620100	2.68270200
128.26922990	4.36884800	2.68270200
128.40256590	4.23782000	2.76913100
128.53590189	4.15046700	2.76913100
128.66923789	4.06296200	2.76913100
128.80257389	3.93193300	2.85556100
128.93590989	3.84458000	2.85556100
129.06924589	3.71355200	2.94229800
129.20258188	3.58252300	2.94229800
129.33591788	3.45134100	2.94229800
129.46925388	3.32031300	2.94229800
129.60258988	3.23296000	3.02872800
129.73592588	3.10193200	3.02872800
129.86926187	3.01442600	3.11515700
130.00259787	2.88339700	3.11515700
130.13593387	2.79604500	3.11515700
130.26926987	2.70869200	3.11515700
130.40260586	2.66501600	3.11515700
130.53594186	2.62134000	3.20189500
130.66927786	2.53383400	3.20189500
130.80261386	2.53383400	3.20189500
130.93594986	2.44648100	3.28832400
131.06928585	2.40280500	3.28832400
131.20262185	2.44648100	3.28832400
131.33595785	2.40280500	3.28832400
131.46929385	2.40280500	3.37506200
131.60262984	2.40280500	3.37506200
131.73596584	2.35912900	3.46149100
131.86930184	2.44648100	3.46149100
132.00263784	2.44648100	3.46149100
132.13597384	2.40280500	3.54792100
132.26930983	2.44648100	3.54792100
132.40264583	2.49015700	3.54792100
132.53598183	2.53383400	3.63465800
132.66931783	2.57766400	3.63465800
132.80265382	2.66501600	3.63465800
132.93598982	2.66501600	3.63465800
133.06932582	2.75236800	3.72108800
133.20266182	2.83972100	3.72108800
133.33599782	2.92707300	3.72108800
133.46933381	2.97074900	3.80751700
133.60266981	3.01442600	3.80751700
133.73600581	3.14560800	3.80751700
133.86934181	3.23296000	3.89425400
134.00267781	3.27663600	3.89425400
134.13601380	3.36398900	3.98068400
134.26934980	3.40766500	3.89425400
134.40268580	3.58252300	3.98068400
134.53602180	3.66987600	3.98068400
134.66935779	3.75722800	3.98068400
134.80269379	3.84458000	4.06711400
134.93602979	3.93193300	4.06711400
135.06936579	4.01928500	4.06711400
135.20270179	4.06296200	4.15385100
135.33603778	4.15046700	4.15385100
135.46937378	4.19414400	4.24028100
135.60270978	4.28149600	4.24028100
135.73604578	4.28149600	4.24028100
135.86938177	4.41252500	4.24028100
136.00271777	4.45620100	4.32671000
136.13605377	4.49987700	4.32671000
136.26938977	4.58738300	4.32671000
136.40272577	4.63105900	4.41344700
136.53606176	4.67473600	4.41344700
136.66939776	4.67473600	4.41344700
136.80273376	4.71841100	4.41344700
136.93606976	4.76208800	4.49987700
137.06940576	4.76208800	4.49987700
137.20274175	4.76208800	4.49987700
137.33607775	4.80576400	4.58661400
137.46941375	4.76208800	4.58661400
137.60274975	4.80576400	4.58661400
137.73608574	4.76208800	4.58661400
137.86942174	4.80576400	4.67304400
138.00275774	4.71841100	4.67304400
138.13609374	4.71841100	4.75947300
138.26942974	4.67473600	4.75947300
138.40276573	4.63105900	4.75947300
138.53610173	4.58738300	4.75947300
138.66943773	4.49987700	4.84621000
138.80277373	4.41252500	4.84621000
138.93610972	4.36884800	4.93264000
139.06944572	4.28149600	4.84621000
139.20278172	4.23782000	4.93264000
139.33611772	4.15046700	5.01907000
139.46945372	4.10679100	5.01907000
139.60278971	4.01928500	5.01907000
139.73612571	3.93193300	5.01907000
139.86946171	3.84458000	5.01907000
140.00279771	3.80090400	5.10580700
140.13613370	3.66987600	5.10580700
140.26946970	3.58252300	5.19223700
140.40280570	3.45134100	5.19223700
140.53614170	3.36398900	5.19223700
140.66947770	3.23296000	5.27866600
140.80281369	3.14560800	5.27866600
140.93614969	3.05825500	5.27866600
141.06948569	3.01442600	5.27866600
141.20282169	2.92707300	5.36540400
141.33615769	2.83972100	5.36540400
141.46949368	2.79604500	5.36540400
141.60282968	2.66501600	5.36540400
141.73616568	2.66501600	5.45183300
141.86950168	2.57766400	5.45183300
142.00283767	2.49015700	5.45183300
142.13617367	2.44648100	5.53857000
142.26950967	2.40280500	5.53857000
142.40284567	2.35912900	5.62500000
142.53618167	2.35912900	5.53857000
142.66951766	2.31545300	5.62500000
142.80285366	2.31545300	5.62500000
142.93618966	2.31545300	5.71143000
143.06952566	2.31545300	5.71143000
143.20286165	2.31545300	5.79816700
143.33619765	2.31545300	5.79816700
143.46953365	2.35912900	5.79816700
143.60286965	2.35912900	5.79816700
143.73620565	2.44648100	5.79816700
143.86954164	2.49015700	5.88459600
144.00287764	2.53383400	5.88459600
144.13621364	2.57766400	5.88459600
144.26954964	2.62134000	5.97102600
144.40288563	2.70869200	5.97102600
144.53622163	2.75236800	6.05776300
144.66955763	2.79604500	6.05776300
144.80289363	2.83972100	6.05776300
144.93622963	2.92707300	6.05776300
145.06956562	2.97074900	6.14419300
145.20290162	3.05825500	6.14419300
145.33623762	3.14560800	6.14419300
145.46957362	3.23296000	6.23062200
145.60290962	3.36398900	6.23062200
145.73624561	3.40766500	6.23062200
145.86958161	3.53869300	6.31736000
146.00291761	3.62619900	6.31736000
146.13625361	3.71355200	6.31736000
146.26958960	3.75722800	6.31736000
146.40292560	3.80090400	6.40379000
146.53626160	3.88825700	6.40379000
146.66959760	3.97560900	6.40379000
146.80293360	4.01928500	6.49021900
146.93626959	4.10679100	6.49021900
147.06960559	4.19414400	6.49021900
147.20294159	4.28149600	6.49021900
147.33627759	4.32517200	6.57695600
147.46961358	4.36884800	6.57695600
147.60294958	4.41252500	6.66338600
147.73628558	4.49987700	6.66338600
147.86962158	4.54355300	6.66338600
148.00295758	4.58738300	6.66338600
148.13629357	4.58738300	6.66338600
148.26962957	4.63105900	6.75012300
148.40296557	4.67473600	6.75012300
148.53630157	4.71841100	6.83655300
148.66963757	4.71841100	6.83655300
148.80297356	4.71841100	6.83655300
148.93630956	4.76208800	6.83655300
149.06964556	4.71841100	6.92298200
149.20298156	4.71841100	6.92298200
149.33631755	4.71841100	7.00971900
149.46965355	4.71841100	7.00971900
149.60298955	4.67473600	7.00971900
149.73632555	4.63105900	7.00971900
149.86966155	4.63105900	7.09614900
150.00299754	4.63105900	7.09614900
150.13633354	4.58738300	7.09614900
150.26966954	4.54355300	7.18257900
150.40300554	4.49987700	7.18257900
150.53634153	4.45620100	7.18257900
150.66967753	4.32517200	7.26931600
150.80301353	4.28149600	7.26931600
150.93634953	4.19414400	7.26931600
151.06968553	4.10679100	7.35574500
151.20302152	4.01928500	7.35574500
151.33635752	3.93193300	7.35574500
151.46969352	3.84458000	7.44217500
151.60302952	3.80090400	7.44217500
151.73636551	3.75722800	7.44217500
151.86970151	3.66987600	7.52891300
152.00303751	3.66987600	7.52891300
152.13637351	3.62619900	7.52891300
152.26970951	3.49501700	7.52891300
152.40304550	3.45134100	7.61534200
152.53638150	3.32031300	7.61534200
152.66971750	3.23296000	7.61534200
152.80305350	3.10193200	7.70177200
152.93638950	3.01442600	7.70177200
153.06972549	2.92707300	7.70177200
153.20306149	2.83972100	7.70177200
153.33639749	2.75236800	7.70177200
153.46973349	2.75236800	7.78850900
153.60306948	2.70869200	7.87493800
153.73640548	2.66501600	7.87493800
153.86974148	2.62134000	7.87493800
154.00307748	2.53383400	7.87493800
154.13641348	2.53383400	7.96167600
154.26974947	2.44648100	7.96167600
154.40308547	2.40280500	7.96167600
154.53642147	2.35912900	8.04810500
154.66975747	2.31545300	8.04810500
154.80309346	2.31545300	8.04810500
154.93642946	2.27177700	8.04810500
155.06976546	2.27177700	8.13453500
155.20310146	2.27177700	8.22127200
155.33643746	2.27177700	8.13453500
155.46977345	2.27177700	8.13453500
155.60310945	2.27177700	8.22127200
155.73644545	2.27177700	8.22127200
155.86978145	2.31545300	8.30770200
156.00311744	2.35912900	8.30770200
156.13645344	2.40280500	8.30770200
156.26978944	2.44648100	8.39413200
156.40312544	2.49015700	8.39413200
156.53646144	2.53383400	8.48086800
156.66979743	2.62134000	8.39413200
156.80313343	2.66501600	8.48086800
156.93646943	2.70869200	8.48086800
157.06980543	2.75236800	8.48086800
157.20314143	2.83972100	8.56729800
157.33647742	2.88339700	8.56729800
157.46981342	2.92707300	8.56729800
157.60314942	3.05825500	8.65372800
157.73648542	3.14560800	8.65372800
157.86982141	3.23296000	8.65372800
158.00315741	3.32031300	8.74046500
158.13649341	3.40766500	8.74046500
158.26982941	3.49501700	8.74046500
158.40316541	3.58252300	8.74046500
158.53650140	3.66987600	8.82689500
158.66983740	3.80090400	8.82689500
158.80317340	3.84458000	8.82689500
158.93650940	3.88825700	8.91363100
159.06984539	3.97560900	8.91363100
159.20318139	4.06296200	8.91363100
159.33651739	4.10679100	9.00006100
159.46985339	4.19414400	9.00006100
159.60318939	4.28149600	9.00006100
159.73652538	4.36884800	9.00006100
159.86986138	4.41252500	9.08649100
160.00319738	4.49987700	9.08649100
160.13653338	4.54355300	9.08649100
160.26986938	4.54355300	9.17322800
160.40320537	4.63105900	9.17322800
160.53654137	4.58738300	9.17322800
160.66987737	4.63105900	9.17322800
160.80321337	4.67473600	9.25965800
160.93654936	4.67473600	9.25965800
161.06988536	4.71841100	9.34608700
161.20322136	4.71841100	9.34608700
161.33655736	4.71841100	9.34608700
161.46989336	4.67473600	9.34608700
161.60322935	4.71841100	9.43282500
161.73656535	4.67473600	9.43282500
161.86990135	4.67473600	9.43282500
162.00323735	4.63105900	9.51925500
162.13657334	4.63105900	9.51925500
162.26990934	4.63105900	9.51925500
162.40324534	4.63105900	9.60568400
162.53658134	4.63105900	9.60568400
162.66991734	4.58738300	9.60568400
162.80325333	4.58738300	9.69242100
162.93658933	4.54355300	9.69242100
163.06992533	4.49987700	9.69242100
163.20326133	4.49987700	9.69242100
163.33659732	4.45620100	9.69242100
163.46993332	4.36884800	9.77885100
163.60326932	4.32517200	9.77885100
163.73660532	4.23782000	9.77885100
163.86994132	4.19414400	9.77885100
164.00327731	4.19414400	9.69242100
164.13661331	4.19414400	9.69242100
164.26994931	4.19414400	9.69242100
164.40328531	4.23782000	9.69242100
164.53662131	4.28149600	9.60568400
164.66995730	4.32517200	9.60568400
164.80329330	4.36884800	9.60568400
164.93662930	4.36884800	9.60568400
165.06996530	4.41252500	9.51925500
165.20330129	4.41252500	9.51925500
165.33663729	4.45620100	9.43282500
165.46997329	4.49987700	9.43282500
165.60330929	4.49987700	9.43282500
165.73664529	4.49987700	9.43282500
165.86998128	4.54355300	9.34608700
166.00331728	4.54355300	9.34608700
166.13665328	4.58738300	9.34608700
166.26998928	4.58738300	9.25965800
166.40332527	4.63105900	9.25965800
166.53666127	4.67473600	9.25965800
166.66999727	4.67473600	9.25965800
166.80333327	4.67473600	9.17322800
166.93666927	4.71841100	9.17322800
167.07000526	4.71841100	9.08649100
167.20334126	4.71841100	9.08649100
167.33667726	4.67473600	9.08649100
167.47001326	4.71841100	9.00006100
167.60334925	4.76208800	9.00006100
167.73668525	4.71841100	9.00006100
167.87002125	4.71841100	9.00006100
168.00335725	4.71841100	8.91363100
168.13669325	4.71841100	8.91363100
168.27002924	4.71841100	8.91363100
168.40336524	4.67473600	8.82689500
168.53670124	4.63105900	8.82689500
168.67003724	4.63105900	8.82689500
168.80337324	4.63105900	8.74046500
168.93670923	4.58738300	8.74046500
169.07004523	4.58738300	8.74046500
169.20338123	4.54355300	8.65372800
169.33671723	4.45620100	8.65372800
169.47005322	4.41252500	8.65372800
169.60338922	4.36884800	8.65372800
169.73672522	4.28149600	8.56729800
169.87006122	4.19414400	8.56729800
170.00339722	4.10679100	8.56729800
170.13673321	4.06296200	8.48086800
170.27006921	3.93193300	8.48086800
170.40340521	3.93193300	8.48086800
170.53674121	3.84458000	8.39413200
170.67007720	3.75722800	8.39413200
170.80341320	3.75722800	8.39413200
170.93674920	3.71355200	8.30770200
171.07008520	3.62619900	8.30770200
171.20342120	3.53869300	8.30770200
171.33675719	3.49501700	8.22127200
171.47009319	3.40766500	8.22127200
171.60342919	3.32031300	8.22127200
171.73676519	3.27663600	8.22127200
171.87010119	3.18928400	8.13453500
172.00343718	3.14560800	8.13453500
172.13677318	3.05825500	8.13453500
172.27010918	3.05825500	8.04810500
172.40344518	3.01442600	8.04810500
172.53678117	3.01442600	8.04810500
172.67011717	2.97074900	7.96167600
172.80345317	2.92707300	7.96167600
172.93678917	2.92707300	7.96167600
173.07012517	2.83972100	7.87493800
173.20346116	2.79604500	7.87493800
173.33679716	2.79604500	7.87493800
173.47013316	2.75236800	7.78850900
173.60346916	2.66501600	7.78850900
173.73680515	2.66501600	7.78850900
173.87014115	2.62134000	7.78850900
174.00347715	2.57766400	7.70177200
174.13681315	2.57766400	7.70177200
174.27014915	2.49015700	7.61534200
174.40348514	2.44648100	7.61534200
174.53682114	2.44648100	7.61534200
174.67015714	2.44648100	7.61534200
174.80349314	2.35912900	7.52891300
174.93682913	2.35912900	7.52891300
175.07016513	2.31545300	7.52891300
175.20350113	2.27177700	7.44217500
175.33683713	2.27177700	7.44217500
175.47017313	2.22810000	7.44217500
175.60350912	2.27177700	7.35574500
175.73684512	2.22810000	7.35574500
175.87018112	2.22810000	7.35574500
176.00351712	2.27177700	7.26931600
176.13685312	2.22810000	7.26931600
176.27018911	2.27177700	7.26931600
176.40352511	2.27177700	7.26931600
176.53686111	2.27177700	7.18257900
176.67019711	2.31545300	7.18257900
176.80353310	2.35912900	7.18257900
176.93686910	2.44648100	7.09614900
177.07020510	2.44648100	7.09614900
177.20354110	2.53383400	7.00971900
177.33687710	2.53383400	7.00971900
177.47021309	2.62134000	7.00971900
177.60354909	2.66501600	7.00971900
177.73688509	2.70869200	6.92298200
177.87022109	2.75236800	6.92298200
178.00355708	2.79604500	6.92298200
178.13689308	2.88339700	6.83655300
178.27022908	2.88339700	6.83655300
178.40356508	2.97074900	6.83655300
178.53690108	2.97074900	6.83655300
178.67023707	3.05825500	6.75012300
178.80357307	3.14560800	6.75012300
178.93690907	3.18928400	6.75012300
179.07024507	3.27663600	6.66338600
179.20358106	3.40766500	6.66338600
179.33691706	3.45134100	6.66338600
179.47025306	3.53869300	6.57695600
179.60358906	3.62619900	6.57695600
179.73692506	3.66987600	6.57695600
179.87026105	3.75722800	6.49021900
180.00359705	3.80090400	6.49021900
180.13693305	3.84458000	6.49021900
180.27026905	3.93193300	6.49021900
180.40360505	4.01928500	6.40379000
180.53694104	4.01928500	6.40379000
180.67027704	4.06296200	6.40379000
180.80361304	4.15046700	6.31736000
180.93694904	4.19414400	6.31736000
181.07028503	4.32517200	6.31736000
181.20362103	4.36884800	6.23062200
181.33695703	4.45620100	6.23062200
181.47029303	4.49987700	6.23062200
181.60362903	4.54355300	6.23062200
181.73696502	4.58738300	6.14419300
181.87030102	4.63105900	6.14419300
182.00363702	4.67473600	6.05776300
182.13697302	4.67473600	6.05776300
182.27030901	4.67473600	6.05776300
182.40364501	4.71841100	6.05776300
182.53698101	4.71841100	5.97102600
182.67031701	4.76208800	5.97102600
182.80365301	4.76208800	5.97102600
182.93698900	4.71841100	5.97102600
183.07032500	4.67473600	5.88459600
183.20366100	4.67473600	5.88459600
183.33699700	4.63105900	5.79816700
183.47033300	4.58738300	5.79816700
183.60366899	4.58738300	5.79816700
183.73700499	4.49987700	5.71143000
183.87034099	4.45620100	5.79816700
184.00367699	4.41252500	5.71143000
184.13701298	4.32517200	5.71143000
184.27034898	4.28149600	5.62500000
184.40368498	4.15046700	5.62500000
184.53702098	4.10679100	5.62500000
184.67035698	4.01928500	5.53857000
184.80369297	3.88825700	5.53857000
184.93702897	3.80090400	5.53857000
185.07036497	3.71355200	5.53857000
185.20370097	3.62619900	5.45183300
185.33703696	3.53869300	5.45183300
185.47037296	3.45134100	5.45183300
185.60370896	3.36398900	5.36540400
185.73704496	3.32031300	5.36540400
185.87038096	3.18928400	5.36540400
186.00371695	3.10193200	5.27866600
186.13705295	3.01442600	5.27866600
186.27038895	2.92707300	5.27866600
186.40372495	2.88339700	5.19223700
186.53706094	2.79604500	5.19223700
186.67039694	2.75236800	5.19223700
186.80373294	2.66501600	5.10580700
186.93706894	2.62134000	5.10580700
187.07040494	2.53383400	5.10580700
187.20374093	2.49015700	5.01907000
187.33707693	2.44648100	5.01907000
187.47041293	2.44648100	5.01907000
187.60374893	2.40280500	5.01907000
187.73708493	2.35912900	4.93264000
187.87042092	2.31545300	4.93264000
188.00375692	2.27177700	4.93264000
188.13709292	2.31545300	4.84621000
188.27042892	2.31545300	4.84621000
188.40376491	2.31545300	4.84621000
188.53710091	2.31545300	4.84621000
188.67043691	2.31545300	4.75947300
188.80377291	2.35912900	4.75947300
188.93710891	2.35912900	4.75947300
189.07044490	2.40280500	4.67304400
189.20378090	2.40280500	4.67304400
189.33711690	2.44648100	4.67304400
189.47045290	2.44648100	4.67304400
189.60378889	2.53383400	4.58661400
189.73712489	2.57766400	4.58661400
189.87046089	2.66501600	4.58661400
190.00379689	2.70869200	4.49987700
190.13713289	2.79604500	4.49987700
190.27046888	2.92707300	4.49987700
190.40380488	2.97074900	4.41344700
190.53714088	3.05825500	4.41344700
190.67047688	3.14560800	4.32671000
190.80381287	3.18928400	4.41344700
190.93714887	3.23296000	4.32671000
191.07048487	3.27663600	4.24028100
191.20382087	3.36398900	4.24028100
191.33715687	3.40766500	4.24028100
191.47049286	3.49501700	4.24028100
191.60382886	3.53869300	4.24028100
191.73716486	3.66987600	4.15385100
191.87050086	3.75722800	4.15385100
192.00383686	3.84458000	4.06711400
192.13717285	3.93193300	4.06711400
192.27050885	3.97560900	4.06711400
192.40384485	4.06296200	4.06711400
192.53718085	4.10679100	3.98068400
192.67051684	4.19414400	3.98068400
192.80385284	4.28149600	3.89425400
192.93718884	4.32517200	3.89425400
193.07052484	4.36884800	3.89425400
193.20386084	4.41252500	3.89425400
193.33719683	4.45620100	3.80751700
193.47053283	4.49987700	3.80751700
193.60386883	4.54355300	3.80751700
193.73720483	4.58738300	3.72108800
193.87054082	4.63105900	3.72108800
194.00387682	4.67473600	3.72108800
194.13721282	4.71841100	3.72108800
194.27054882	4.71841100	3.63465800
194.40388482	4.71841100	3.63465800
194.53722081	4.76208800	3.63465800
194.67055681	4.76208800	3.54792100
194.80389281	4.80576400	3.54792100
194.93722881	4.80576400	3.54792100
195.07056481	4.80576400	3.46149100
195.20390080	4.80576400	3.46149100
195.33723680	4.80576400	3.46149100
195.47057280	4.80576400	3.37506200
195.60390880	4.80576400	3.37506200
195.73724479	4.80576400	3.37506200
195.87058079	4.76208800	3.37506200
196.00391679	4.76208800	3.28832400
196.13725279	4.71841100	3.28832400
196.27058879	4.71841100	3.28832400
196.40392478	4.67473600	3.20189500
196.53726078	4.58738300	3.20189500
196.67059678	4.58738300	3.20189500
196.80393278	4.54355300	3.11515700
196.93726877	4.45620100	3.11515700
197.07060477	4.45620100	3.11515700
197.20394077	4.41252500	3.11515700
197.33727677	4.32517200	3.02872800
197.47061277	4.28149600	3.02872800
197.60394876	4.19414400	3.02872800
197.73728476	4.15046700	2.94229800
197.87062076	4.01928500	2.94229800
198.00395676	3.97560900	2.94229800
198.13729275	3.88825700	2.85556100
198.27062875	3.75722800	2.85556100
198.40396475	3.66987600	2.85556100
198.53730075	3.53869300	2.76913100
198.67063675	3.45134100	2.76913100
198.80397274	3.32031300	2.76913100
198.93730874	3.27663600	2.76913100
199.07064474	3.18928400	2.68270200
199.20398074	3.10193200	2.68270200
199.33731674	3.01442600	2.68270200
199.47065273	2.92707300	2.59596500
199.60398873	2.83972100	2.59596500
199.73732473	2.75236800	2.59596500
199.87066073	2.70869200	2.59596500
200.00399672	2.62134000	2.50953500
200.13733272	2.53383400	2.50953500
200.27066872	2.53383400	2.50953500
200.40400472	2.44648100	2.42310500
200.53734072	2.44648100	2.42310500
200.67067671	2.40280500	2.42310500
200.80401271	2.40280500	2.33636800
200.93734871	2.40280500	2.33636800
201.07068471	2.44648100	2.24993800
201.20402070	2.49015700	2.24993800
201.33735670	2.49015700	2.24993800
201.47069270	2.57766400	2.16320100
201.60402870	2.62134000	2.24993800
201.73736470	2.75236800	2.16320100
201.87070069	2.79604500	2.16320100
202.00403669	2.92707300	2.07677200
202.13737269	3.05825500	2.07677200
202.27070869	3.14560800	2.07677200
202.40404468	3.27663600	1.99034200
202.53738068	3.40766500	1.99034200
202.67071668	3.53869300	1.99034200
202.80405268	3.66987600	1.99034200
202.93738868	3.75722800	1.90360500
203.07072467	3.84458000	1.90360500
203.20406067	3.97560900	1.90360500
203.33739667	4.06296200	1.90360500
203.47073267	4.19414400	1.81717500
203.60406867	4.28149600	1.81717500
203.73740466	4.32517200	1.73074600
203.87074066	4.45620100	1.73074600
204.00407666	4.54355300	1.73074600
204.13741266	4.58738300	1.73074600
204.27074865	4.67473600	1.73074600
204.40408465	4.71841100	1.64400800
204.53742065	4.71841100	1.64400800
204.67075665	4.76208800	1.55757900
204.80409265	4.76208800	1.55757900
204.93742864	4.80576400	1.55757900
205.07076464	4.76208800	1.55757900
205.20410064	4.71841100	1.47114900
205.33743664	4.67473600	1.47114900
205.47077263	4.58738300	1.47114900
205.60410863	4.49987700	1.38441200
205.73744463	4.41252500	1.38441200
205.87078063	4.36884800	1.38441200
206.00411663	4.23782000	1.29798200
206.13745262	4.15046700	1.29798200
206.27078862	4.01928500	1.29798200
206.40412462	3.93193300	1.29798200
206.53746062	3.80090400	1.21155300
206.67079662	3.66987600	1.21155300
206.80413261	3.58252300	1.21155300
206.93746861	3.40766500	1.12481500
207.07080461	3.27663600	1.12481500
207.20414061	3.18928400	1.12481500
207.33747660	3.05825500	1.03838600
207.47081260	2.88339700	1.03838600
207.60414860	2.83972100	1.03838600
207.73748460	2.75236800	0.95164860
207.87082060	2.66501600	0.95164860
208.00415659	2.62134000	0.95164860
208.13749259	2.53383400	0.86521900
208.27082859	2.49015700	0.95164860
208.40416459	2.49015700	0.86521900
208.53750058	2.44648100	0.86521900
208.67083658	2.49015700	0.77878930
208.80417258	2.49015700	0.77878930
208.93750858	2.53383400	0.77878930
209.07084458	2.57766400	0.69205220
209.20418057	2.62134000	0.69205220
209.33751657	2.70869200	0.69205220
209.47085257	2.79604500	0.60562250
209.60418857	2.88339700	0.60562250
209.73752456	3.01442600	0.60562250
209.87086056	3.10193200	0.60562250
210.00419656	3.18928400	0.60562250
210.13753256	3.32031300	0.51919290
210.27086856	3.45134100	0.51919290
210.40420455	3.58252300	0.43245570
210.53754055	3.66987600	0.43245570
210.67087655	3.80090400	0.43245570
210.80421255	3.93193300	0.34602610
210.93754855	4.06296200	0.34602610
211.07088454	4.19414400	0.34602610
211.20422054	4.28149600	0.25959650
211.33755654	4.41252500	0.25959650
211.47089254	4.49987700	0.25959650
211.60422853	4.58738300	0.25959650
211.73756453	4.63105900	0.17285930
211.87090053	4.71841100	0.17285930
212.00423653	4.76208800	0.17285930
212.13757253	4.80576400	0.17285930
212.27090852	4.84944000	0.08642963
212.40424452	4.84944000	0.08642963
212.53758052	4.80576400	0.08642963
212.67091652	4.80576400	0.08642963
212.80425251	4.80576400	0.08642963
212.93758851	4.80576400	0.08642963
213.07092451	4.80576400	0.17285930
213.20426051	4.80576400	0.17285930
213.33759651	4.80576400	0.17285930
213.47093250	4.84944000	0.17285930
213.60426850	4.84944000	0.25959650
213.73760450	4.89311600	0.25959650
213.87094050	4.84944000	0.25959650
214.00427649	4.89311600	0.34602610
214.13761249	4.89311600	0.34602610
214.27094849	4.93679200	0.43245570
214.40428449	4.93679200	0.43245570
214.53762049	4.93679200	0.43245570
214.67095648	4.89311600	0.43245570
214.80429248	4.93679200	0.51919290
214.93762848	4.93679200	0.51919290
215.07096448	4.93679200	0.51919290
215.20430048	4.89311600	0.60562250
215.33763647	4.89311600	0.60562250
215.47097247	4.84944000	0.60562250
215.60430847	4.80576400	0.69205220
215.73764447	4.80576400	0.69205220
215.87098046	4.76208800	0.69205220
216.00431646	4.71841100	0.77878930
216.13765246	4.63105900	0.77878930
216.27098846	4.63105900	0.77878930
216.40432446	4.54355300	0.77878930
216.53766045	4.45620100	0.86521900
216.67099645	4.36884800	0.86521900
216.80433245	4.28149600	0.86521900
216.93766845	4.15046700	0.95164860
217.07100444	4.10679100	0.95164860
217.20434044	4.01928500	0.95164860
217.33767644	3.93193300	1.03838600
217.47101244	3.80090400	1.03838600
217.60434844	3.71355200	1.03838600
217.73768443	3.62619900	1.12481500
217.87102043	3.58252300	1.12481500
218.00435643	3.45134100	1.12481500
218.13769243	3.36398900	1.12481500
218.27102843	3.27663600	1.21155300
218.40436442	3.18928400	1.21155300
218.53770042	3.10193200	1.29798200
218.67103642	3.01442600	1.29798200
218.80437242	2.92707300	1.29798200
218.93770841	2.83972100	1.29798200
219.07104441	2.75236800	1.38441200
219.20438041	2.66501600	1.38441200
219.33771641	2.62134000	1.38441200
219.47105241	2.57766400	1.38441200
219.60438840	2.57766400	1.47114900
219.73772440	2.53383400	1.55757900
219.87106040	2.49015700	1.55757900
220.00439640	2.44648100	1.55757900
220.13773239	2.44648100	1.55757900
220.27106839	2.40280500	1.55757900
220.40440439	2.40280500	1.64400800
220.53774039	2.40280500	1.64400800
220.67107639	2.44648100	1.64400800
220.80441238	2.44648100	1.73074600
220.93774838	2.49015700	1.73074600
221.07108438	2.49015700	1.73074600
221.20442038	2.49015700	1.81717500
221.33775637	2.57766400	1.81717500
221.47109237	2.57766400	1.81717500
221.60442837	2.62134000	1.90360500
221.73776437	2.66501600	1.90360500
221.87110037	2.75236800	1.90360500
222.00443636	2.79604500	1.90360500
222.13777236	2.83972100	1.99034200
222.27110836	2.92707300	1.99034200
222.40444436	3.01442600	2.07677200
222.53778036	3.10193200	2.07677200
222.67111635	3.18928400	2.07677200
222.80445235	3.27663600	2.16320100
222.93778835	3.40766500	2.16320100
223.07112435	3.49501700	2.16320100
223.20446034	3.62619900	2.16320100
223.33779634	3.71355200	2.24993800
223.47113234	3.84458000	2.24993800
223.60446834	3.93193300	2.24993800
223.73780434	4.06296200	2.33636800
223.87114033	4.15046700	2.33636800
224.00447633	4.23782000	2.33636800
224.13781233	4.32517200	2.42310500
224.27114833	4.41252500	2.42310500
224.40448432	4.49987700	2.50953500
224.53782032	4.58738300	2.50953500
224.67115632	4.63105900	2.50953500
224.80449232	4.71841100	2.50953500
224.93782832	4.76208800	2.50953500
225.07116431	4.80576400	2.59596500
225.20450031	4.76208800	2.59596500
225.33783631	4.76208800	2.59596500
225.47117231	4.76208800	2.59596500
225.60450830	4.76208800	2.68270200
225.73784430	4.71841100	2.68270200
225.87118030	4.67473600	2.76913100
226.00451630	4.63105900	2.76913100
226.13785230	4.58738300	2.76913100
226.27118829	4.49987700	2.85556100
226.40452429	4.45620100	2.85556100
226.53786029	4.36884800	2.85556100
226.67119629	4.28149600	2.85556100
226.80453229	4.19414400	2.94229800
226.93786828	4.10679100	2.94229800
227.07120428	4.01928500	3.02872800
227.20454028	3.93193300	3.02872800
227.33787628	3.84458000	3.02872800
227.47121227	3.71355200	3.11515700
227.60454827	3.58252300	3.11515700
227.73788427	3.49501700	3.11515700
227.87122027	3.32031300	3.11515700
228.00455627	3.27663600	3.20189500
228.13789226	3.10193200	3.20189500
228.27122826	3.01442600	3.20189500
228.40456426	2.92707300	3.20189500
228.53790026	2.79604500	3.28832400
228.67123625	2.70869200	3.28832400
228.80457225	2.62134000	3.37506200
228.93790825	2.57766400	3.37506200
229.07124425	2.53383400	3.37506200
229.20458025	2.49015700	3.37506200
229.33791624	2.44648100	3.46149100
229.47125224	2.40280500	3.46149100
229.60458824	2.44648100	3.54792100
229.73792424	2.44648100	3.54792100
229.87126024	2.49015700	3.54792100
230.00459623	2.53383400	3.54792100
230.13793223	2.57766400	3.63465800
230.27126823	2.66501600	3.63465800
230.40460423	2.79604500	3.63465800
230.53794022	2.88339700	3.72108800
230.67127622	3.01442600	3.72108800
230.80461222	3.10193200	3.72108800
230.93794822	3.18928400	3.80751700
231.07128422	3.32031300	3.80751700
231.20462021	3.40766500	3.80751700
231.33795621	3.53869300	3.89425400
231.47129221	3.62619900	3.89425400
231.60462821	3.80090400	3.89425400
231.73796420	3.93193300	3.98068400
231.87130020	4.01928500	3.98068400
232.00463620	4.10679100	3.98068400
232.13797220	4.23782000	3.98068400
232.27130820	4.32517200	4.06711400
232.40464419	4.41252500	4.06711400
232.53798019	4.45620100	4.06711400
232.67131619	4.49987700	4.15385100
232.80465219	4.58738300	4.15385100
232.93798818	4.58738300	4.15385100
233.07132418	4.63105900	4.24028100
233.20466018	4.67473600	4.24028100
233.33799618	4.71841100	4.24028100
233.47133218	4.71841100	4.32671000
233.60466817	4.76208800	4.32671000
233.73800417	4.76208800	4.32671000
233.87134017	4.80576400	4.32671000
234.00467617	4.76208800	4.41344700
234.13801217	4.80576400	4.41344700
234.27134816	4.80576400	4.41344700
234.40468416	4.80576400	4.49987700
234.53802016	4.76208800	4.49987700
234.67135616	4.76208800	4.49987700
234.80469215	4.71841100	4.49987700
234.93802815	4.71841100	4.58661400
235.07136415	4.67473600	4.58661400
235.20470015	4.63105900	4.58661400
235.33803615	4.54355300	4.67304400
235.47137214	4.49987700	4.67304400
235.60470814	4.45620100	4.75947300
235.73804414	4.36884800	4.67304400
235.87138014	4.28149600	4.75947300
236.00471613	4.15046700	4.75947300
236.13805213	4.06296200	4.75947300
236.27138813	4.01928500	4.84621000
236.40472413	3.88825700	4.84621000
236.53806013	3.84458000	4.93264000
236.67139612	3.71355200	4.93264000
236.80473212	3.58252300	4.93264000
236.93806812	3.53869300	5.01907000
237.07140412	3.40766500	5.01907000
237.20474011	3.32031300	5.01907000
237.33807611	3.23296000	5.01907000
237.47141211	3.14560800	5.10580700
237.60474811	3.05825500	5.10580700
237.73808411	3.01442600	5.19223700
237.87142010	2.92707300	5.19223700
238.00475610	2.83972100	5.19223700
238.13809210	2.75236800	5.19223700
238.27142810	2.70869200	5.27866600
238.40476410	2.66501600	5.27866600
238.53810009	2.62134000	5.27866600
238.67143609	2.57766400	5.36540400
238.80477209	2.49015700	5.36540400
